time	V(clk)
0.000000000000000e+000	0.000000e+000
9.999999824516700e-014	1.100000e-002
1.999999964903340e-013	2.200000e-002
3.999999929806680e-013	4.400000e-002
7.999999859613360e-013	8.800000e-002
1.599999971922672e-012	1.760000e-001
3.199999943845344e-012	3.520000e-001
6.399999887690688e-012	7.040000e-001
9.999999999999999e-012	1.100000e+000
1.036000001123093e-011	1.100000e+000
1.108000003369279e-011	1.100000e+000
1.252000007861652e-011	1.100000e+000
1.540000016846397e-011	1.100000e+000
2.116000034815886e-011	1.100000e+000
3.268000070754866e-011	1.100000e+000
5.572000142632825e-011	1.100000e+000
8.772103292674077e-011	1.100000e+000
1.222893909204746e-010	1.100000e+000
1.309314804189081e-010	1.100000e+000
1.482156594157750e-010	1.100000e+000
1.827840174095088e-010	1.100000e+000
2.439562065740416e-010	1.100000e+000
3.066058672876251e-010	1.100000e+000
3.863308749212623e-010	1.100000e+000
5.041252205374589e-010	1.100000e+000
7.156397654417601e-010	1.100000e+000
1.043969561285838e-009	1.100000e+000
1.638817977100790e-009	1.100000e+000
2.658431629806892e-009	1.100000e+000
4.432603021385742e-009	1.100000e+000
7.597197976451962e-009	1.100000e+000
1.309481789797353e-008	1.100000e+000
2.409005774101666e-008	1.100000e+000
4.608053742710293e-008	1.100000e+000
9.006149679927548e-008	1.100000e+000
1.486552467992755e-007	1.100000e+000
2.072489967992755e-007	1.100000e+000
3.244364967992755e-007	1.100000e+000
5.002177467992755e-007	1.100000e+000
5.588114967992756e-007	1.100000e+000
6.174052467992756e-007	1.100000e+000
6.759989967992757e-007	1.100000e+000
7.345927467992758e-007	1.100000e+000
7.931864967992759e-007	1.100000e+000
8.517802467992759e-007	1.100000e+000
9.103739967992759e-007	1.100000e+000
9.414162500000001e-007	1.100000e+000
9.414262500000001e-007	1.100000e+000
9.414462500000003e-007	1.100000e+000
9.414862500000005e-007	1.100000e+000
9.415662500000010e-007	1.100000e+000
9.417262500000021e-007	1.100000e+000
9.420462500000041e-007	1.100000e+000
9.426862500000082e-007	1.100000e+000
9.439662500000165e-007	1.100000e+000
9.618862500001317e-007	1.100000e+000
9.795299999998684e-007	1.100000e+000
9.795399999998684e-007	1.100000e+000
9.795599999998686e-007	1.100000e+000
9.795999999998688e-007	1.100000e+000
9.796799999998693e-007	1.100000e+000
9.798399999998704e-007	1.100000e+000
9.801599999998724e-007	1.100000e+000
9.846399999999012e-007	1.100000e+000
9.897599999999341e-007	1.100000e+000
9.897699999999342e-007	1.100000e+000
9.897899999999343e-007	1.100000e+000
9.898299999999346e-007	1.100000e+000
9.899099999999351e-007	1.100000e+000
9.910299999999423e-007	1.100000e+000
9.923099999999505e-007	1.100000e+000
9.948699999999670e-007	1.100000e+000
9.949299999999674e-007	1.100000e+000
9.950099999999679e-007	1.100000e+000
9.974499999999836e-007	1.100000e+000
9.993699999999959e-007	1.100000e+000
9.996899999999980e-007	1.100000e+000
9.997199999999982e-007	1.100000e+000
9.998499999999990e-007	1.100000e+000
1.000000000000000e-006	1.100000e+000
1.000010000000000e-006	1.100000e+000
1.000011000000000e-006	9.900000e-001
1.000013000000000e-006	7.700000e-001
1.000016000000000e-006	4.400000e-001
1.000020000000000e-006	0.000000e+000
1.000020400000000e-006	0.000000e+000
1.000021200000000e-006	0.000000e+000
1.000022800000000e-006	0.000000e+000
1.000026000000000e-006	0.000000e+000
1.000032400000000e-006	0.000000e+000
1.000045199999999e-006	0.000000e+000
1.000070799999998e-006	0.000000e+000
1.000099275539421e-006	0.000000e+000
1.000156226618267e-006	0.000000e+000
1.000233842209562e-006	0.000000e+000
1.000317745826617e-006	0.000000e+000
1.000456872570041e-006	0.000000e+000
1.000601327021131e-006	0.000000e+000
1.000890235923312e-006	0.000000e+000
1.001408236544626e-006	0.000000e+000
1.002245196588187e-006	0.000000e+000
1.003919116675309e-006	0.000000e+000
1.006781703135279e-006	0.000000e+000
1.012089411198977e-006	0.000000e+000
1.021952363755452e-006	0.000000e+000
1.039625350966675e-006	0.000000e+000
1.133565075389119e-006	0.000000e+000
1.234011503960547e-006	0.000000e+000
1.334457932531976e-006	0.000000e+000
1.434904361103404e-006	0.000000e+000
1.535350789674833e-006	0.000000e+000
1.635797218246261e-006	0.000000e+000
1.736243646817690e-006	0.000000e+000
1.836690075389118e-006	0.000000e+000
1.895283825389118e-006	0.000000e+000
1.941406250000000e-006	0.000000e+000
1.941416250000000e-006	0.000000e+000
1.941436249999999e-006	0.000000e+000
1.941476249999999e-006	0.000000e+000
1.941556249999998e-006	0.000000e+000
1.941716249999995e-006	0.000000e+000
1.942036249999991e-006	0.000000e+000
1.942676249999981e-006	0.000000e+000
1.943956249999962e-006	0.000000e+000
1.946516249999924e-006	0.000000e+000
1.961876249999698e-006	0.000000e+000
1.979520000000302e-006	0.000000e+000
1.979530000000302e-006	0.000000e+000
1.979550000000302e-006	0.000000e+000
1.979590000000301e-006	0.000000e+000
1.979670000000300e-006	0.000000e+000
1.979830000000297e-006	0.000000e+000
1.980150000000293e-006	0.000000e+000
1.980790000000283e-006	0.000000e+000
1.984630000000227e-006	0.000000e+000
1.989750000000151e-006	0.000000e+000
1.989760000000151e-006	0.000000e+000
1.989780000000151e-006	0.000000e+000
1.989820000000150e-006	0.000000e+000
1.989900000000149e-006	0.000000e+000
1.990060000000147e-006	0.000000e+000
1.990380000000142e-006	0.000000e+000
1.992300000000114e-006	0.000000e+000
1.994860000000076e-006	0.000000e+000
1.994920000000075e-006	0.000000e+000
1.995000000000074e-006	0.000000e+000
1.995160000000071e-006	0.000000e+000
1.996120000000057e-006	0.000000e+000
1.997400000000038e-006	0.000000e+000
1.997520000000037e-006	0.000000e+000
1.997680000000034e-006	0.000000e+000
1.998720000000019e-006	0.000000e+000
1.999360000000009e-006	0.000000e+000
1.999680000000005e-006	0.000000e+000
1.999710000000004e-006	0.000000e+000
1.999830000000002e-006	0.000000e+000
1.999860000000002e-006	0.000000e+000
1.999960000000001e-006	0.000000e+000
1.999990000000000e-006	0.000000e+000
2.000000000000000e-006	0.000000e+000
2.000001000000000e-006	1.100000e-001
2.000003000000000e-006	3.300000e-001
2.000006000000000e-006	6.600000e-001
2.000010000000000e-006	1.100000e+000
2.000010400000000e-006	1.100000e+000
2.000011200000000e-006	1.100000e+000
2.000012800000000e-006	1.100000e+000
2.000016000000000e-006	1.100000e+000
2.000022400000000e-006	1.100000e+000
2.000035200000001e-006	1.100000e+000
2.000060800000001e-006	1.100000e+000
2.000112000000003e-006	1.100000e+000
2.000184941835048e-006	1.100000e+000
2.000260132612610e-006	1.100000e+000
2.000389236751846e-006	1.100000e+000
2.000530086625252e-006	1.100000e+000
2.000788764205032e-006	1.100000e+000
2.001177049051174e-006	1.100000e+000
2.001808948809619e-006	1.100000e+000
2.002922867111118e-006	1.100000e+000
2.004726383318166e-006	1.100000e+000
2.007903627557075e-006	1.100000e+000
2.013286116228817e-006	1.100000e+000
2.022531949490477e-006	1.100000e+000
2.038522709701655e-006	1.100000e+000
2.065925735163331e-006	1.100000e+000
2.171895725872876e-006	1.100000e+000
2.272342154444305e-006	1.100000e+000
2.372788583015734e-006	1.100000e+000
2.473235011587162e-006	1.100000e+000
2.573681440158591e-006	1.100000e+000
2.674127868730020e-006	1.100000e+000
2.774574297301449e-006	1.100000e+000
2.875020725872878e-006	1.100000e+000
2.933614475872878e-006	1.100000e+000
2.941416249999999e-006	1.100000e+000
2.957019798254242e-006	1.100000e+000
2.968802903491514e-006	1.100000e+000
2.976443789525456e-006	1.100000e+000
2.984728227932116e-006	1.100000e+000
2.984738227932116e-006	1.100000e+000
2.984758227932114e-006	1.100000e+000
2.984798227932112e-006	1.100000e+000
2.984878227932108e-006	1.100000e+000
2.985038227932098e-006	1.100000e+000
2.985358227932080e-006	1.100000e+000
2.985998227932044e-006	1.100000e+000
2.987278227931971e-006	1.100000e+000
2.989838227931824e-006	1.100000e+000
2.994958227931532e-006	1.100000e+000
2.994968227931531e-006	1.100000e+000
2.994988227931530e-006	1.100000e+000
2.995028227931528e-006	1.100000e+000
2.995108227931523e-006	1.100000e+000
2.995268227931514e-006	1.100000e+000
2.995588227931496e-006	1.100000e+000
2.996228227931460e-006	1.100000e+000
2.997508227931386e-006	1.100000e+000
2.997518227931386e-006	1.100000e+000
2.997538227931385e-006	1.100000e+000
2.997578227931382e-006	1.100000e+000
2.997658227931378e-006	1.100000e+000
2.997818227931369e-006	1.100000e+000
2.998138227931350e-006	1.100000e+000
2.998778227931314e-006	1.100000e+000
2.998808227931312e-006	1.100000e+000
2.998848227931310e-006	1.100000e+000
2.998928227931305e-006	1.100000e+000
2.999088227931296e-006	1.100000e+000
2.999408227931278e-006	1.100000e+000
2.999438227931276e-006	1.100000e+000
2.999478227931274e-006	1.100000e+000
2.999718227931260e-006	1.100000e+000
2.999748227931259e-006	1.100000e+000
2.999878227931251e-006	1.100000e+000
2.999938227931248e-006	1.100000e+000
2.999948227931247e-006	1.100000e+000
2.999968227931246e-006	1.100000e+000
2.999973544137514e-006	1.100000e+000
3.000000000000000e-006	1.100000e+000
3.000010000000000e-006	1.100000e+000
3.000011000000000e-006	9.900000e-001
3.000013000000000e-006	7.700000e-001
3.000016000000000e-006	4.400000e-001
3.000020000000000e-006	0.000000e+000
3.000020400000000e-006	0.000000e+000
3.000021200000000e-006	0.000000e+000
3.000022799999999e-006	0.000000e+000
3.000025999999999e-006	0.000000e+000
3.000032399999999e-006	0.000000e+000
3.000045199999998e-006	0.000000e+000
3.000070799999996e-006	0.000000e+000
3.000121999999992e-006	0.000000e+000
3.000224399999984e-006	0.000000e+000
3.000429199999968e-006	0.000000e+000
3.000838799999936e-006	0.000000e+000
3.941406250000000e-006	0.000000e+000
3.967566899983588e-006	0.000000e+000
3.967596899983587e-006	0.000000e+000
3.967636899983587e-006	0.000000e+000
3.988046899983286e-006	0.000000e+000
3.988066899983285e-006	0.000000e+000
3.999994631268811e-006	0.000000e+000
4.000000000000000e-006	0.000000e+000
4.000000536873119e-006	5.905604e-002
4.000001610619357e-006	1.771681e-001
4.000003758111832e-006	4.133923e-001
4.000005705015048e-006	6.275517e-001
4.000009598821480e-006	1.055870e+000
4.000010000000000e-006	1.100000e+000
4.000010778761286e-006	1.100000e+000
4.000012336283858e-006	1.100000e+000
4.000015451329004e-006	1.100000e+000
4.000021681419295e-006	1.100000e+000
4.000034141599876e-006	1.100000e+000
4.000059061961039e-006	1.100000e+000
4.000108902683365e-006	1.100000e+000
4.000208584128018e-006	1.100000e+000
4.000407947017323e-006	1.100000e+000
4.001604124353151e-006	1.100000e+000
4.003199027467589e-006	1.100000e+000
4.006388833696465e-006	1.100000e+000
4.012768446154217e-006	1.100000e+000
4.025527671069721e-006	1.100000e+000
4.051046120900729e-006	1.100000e+000
4.102083020562745e-006	1.100000e+000
4.219270520562745e-006	1.100000e+000
4.322434196196639e-006	1.100000e+000
4.425597871830532e-006	1.100000e+000
4.528761547464426e-006	1.100000e+000
4.631925223098319e-006	1.100000e+000
4.735088898732213e-006	1.100000e+000
4.838252574366106e-006	1.100000e+000
4.941416249999999e-006	1.100000e+000
4.961968541125495e-006	1.100000e+000
4.961998541125492e-006	1.100000e+000
4.962118541125480e-006	1.100000e+000
4.982448541123458e-006	1.100000e+000
4.982588541123444e-006	1.100000e+000
5.000000000000000e-006	1.100000e+000
5.000010000000000e-006	1.100000e+000
5.000011000000001e-006	9.900000e-001
5.000013000000000e-006	7.700000e-001
5.000016000000000e-006	4.400000e-001
5.000019999999999e-006	6.280954e-011
5.000020399999999e-006	0.000000e+000
5.000021199999999e-006	0.000000e+000
5.000022799999998e-006	0.000000e+000
5.000025999999998e-006	0.000000e+000
5.000032399999997e-006	0.000000e+000
5.000045199999994e-006	0.000000e+000
5.000070799999990e-006	0.000000e+000
5.000121999999981e-006	0.000000e+000
5.000224399999962e-006	0.000000e+000
5.000429199999923e-006	0.000000e+000
5.000838799999848e-006	0.000000e+000
5.941406250000000e-006	0.000000e+000
5.967566899961382e-006	0.000000e+000
5.967596899961382e-006	0.000000e+000
5.967716899961380e-006	0.000000e+000
5.988046899961080e-006	0.000000e+000
5.999995986988403e-006	0.000000e+000
6.000000000000000e-006	0.000000e+000
6.000000401301159e-006	4.414313e-002
6.000001203903479e-006	1.324294e-001
6.000002809108118e-006	3.090019e-001
6.000006019517395e-006	6.621469e-001
6.000010000000000e-006	1.100000e+000
6.000010398048261e-006	1.100000e+000
6.000011194144782e-006	1.100000e+000
6.000012786337824e-006	1.100000e+000
6.000015970723908e-006	1.100000e+000
6.000022339496076e-006	1.100000e+000
6.000035077040412e-006	1.100000e+000
6.000060552129085e-006	1.100000e+000
6.000111502306430e-006	1.100000e+000
6.000213402661121e-006	1.100000e+000
6.000417203370502e-006	1.100000e+000
6.001640007626791e-006	1.100000e+000
6.003270413301843e-006	1.100000e+000
6.006531224651946e-006	1.100000e+000
6.013052847352152e-006	1.100000e+000
6.026096092752565e-006	1.100000e+000
6.052182583553390e-006	1.100000e+000
6.104355565155040e-006	1.100000e+000
6.221543065155040e-006	1.100000e+000
6.324382091561463e-006	1.100000e+000
6.427221117967886e-006	1.100000e+000
6.530060144374309e-006	1.100000e+000
6.632899170780731e-006	1.100000e+000
6.735738197187155e-006	1.100000e+000
6.838577223593577e-006	1.100000e+000
6.941416250000000e-006	1.100000e+000
6.966513630310085e-006	1.100000e+000
6.966543630310085e-006	1.100000e+000
6.966903630310079e-006	1.100000e+000
6.967263630310074e-006	1.100000e+000
6.967623630310069e-006	1.100000e+000
6.967983630310063e-006	1.100000e+000
6.968343630310058e-006	1.100000e+000
6.968703630310053e-006	1.100000e+000
6.969063630310047e-006	1.100000e+000
6.986993630309783e-006	1.100000e+000
7.000000000000000e-006	1.100000e+000
7.000010000000000e-006	1.100000e+000
7.000011000000000e-006	9.900000e-001
7.000013000000000e-006	7.700000e-001
7.000016000000000e-006	4.400000e-001
7.000020000000000e-006	0.000000e+000
7.000020400000000e-006	0.000000e+000
7.000021200000001e-006	0.000000e+000
7.000022800000000e-006	0.000000e+000
7.000026000000000e-006	0.000000e+000
7.000032400000001e-006	0.000000e+000
7.000045200000001e-006	0.000000e+000
7.000070800000002e-006	0.000000e+000
7.000122000000003e-006	0.000000e+000
7.000224400000006e-006	0.000000e+000
7.000429200000012e-006	0.000000e+000
7.000838800000023e-006	0.000000e+000
7.941406250000000e-006	0.000000e+000
7.967566900005785e-006	0.000000e+000
7.967596900005787e-006	0.000000e+000
7.967716900005795e-006	0.000000e+000
7.988046900007218e-006	0.000000e+000
7.999995855659693e-006	0.000000e+000
8.000000000000000e-006	0.000000e+000
8.000000414434030e-006	4.558774e-002
8.000001243302092e-006	1.367632e-001
8.000002901038215e-006	3.191142e-001
8.000006216510460e-006	6.838161e-001
8.000010000000000e-006	1.100000e+000
8.000010378348954e-006	1.100000e+000
8.000011135046862e-006	1.100000e+000
8.000012648442679e-006	1.100000e+000
8.000015675234310e-006	1.100000e+000
8.000021728817574e-006	1.100000e+000
8.000033835984102e-006	1.100000e+000
8.000058050317159e-006	1.100000e+000
8.000106478983270e-006	1.100000e+000
8.000203336315494e-006	1.100000e+000
8.000397050979942e-006	1.100000e+000
8.001559338966632e-006	1.100000e+000
8.003109056282217e-006	1.100000e+000
8.006208490913388e-006	1.100000e+000
8.012407360175730e-006	1.100000e+000
8.024805098700413e-006	1.100000e+000
8.049600575749778e-006	1.100000e+000
8.099191529848511e-006	1.100000e+000
8.216379029848510e-006	1.100000e+000
8.325073486104149e-006	1.100000e+000
8.433767942359789e-006	1.100000e+000
8.542462398615427e-006	1.100000e+000
8.651156854871066e-006	1.100000e+000
8.759851311126704e-006	1.100000e+000
8.868545767382344e-006	1.100000e+000
8.977240223637983e-006	1.100000e+000
8.984976044245961e-006	1.100000e+000
8.985006044245968e-006	1.100000e+000
8.985366044246054e-006	1.100000e+000
8.985726044246140e-006	1.100000e+000
8.986086044246227e-006	1.100000e+000
8.986446044246313e-006	1.100000e+000
8.986806044246399e-006	1.100000e+000
8.987166044246485e-006	1.100000e+000
8.987526044246571e-006	1.100000e+000
8.995216044248412e-006	1.100000e+000
8.999999999999999e-006	1.100000e+000
9.000009999999999e-006	1.100000e+000
9.000010999999999e-006	9.900000e-001
9.000012999999999e-006	7.700000e-001
9.000016000000001e-006	4.400000e-001
9.000020000000000e-006	0.000000e+000
9.000020400000000e-006	0.000000e+000
9.000021199999999e-006	0.000000e+000
9.000022800000000e-006	0.000000e+000
9.000026000000001e-006	0.000000e+000
9.000032400000003e-006	0.000000e+000
9.000045200000005e-006	0.000000e+000
9.000070800000011e-006	0.000000e+000
9.000122000000024e-006	0.000000e+000
9.000224400000049e-006	0.000000e+000
9.000429200000097e-006	0.000000e+000
9.000838800000195e-006	0.000000e+000
9.941406250000000e-006	0.000000e+000
9.967566900050176e-006	0.000000e+000
9.967596900050178e-006	0.000000e+000
9.967716900050186e-006	0.000000e+000
9.988046900051608e-006	0.000000e+000
9.999989999999998e-006	0.000000e+000
9.999999867366715e-006	0.000000e+000
9.999999999999999e-006	0.000000e+000
1.000000026526657e-005	2.917932e-002
1.000000079579971e-005	8.753797e-002
1.000000185686598e-005	2.042553e-001
1.000000397899853e-005	4.376898e-001
1.000000575573490e-005	6.331308e-001
1.000000930920766e-005	1.024013e+000
1.000001000000000e-005	1.100000e+000
1.000001071069455e-005	1.100000e+000
1.000001213208365e-005	1.100000e+000
1.000001497486186e-005	1.100000e+000
1.000002000000000e-005	1.100000e+000
1.000002050251381e-005	1.100000e+000
1.000002150754144e-005	1.100000e+000
1.000002351759670e-005	1.100000e+000
1.000002753770722e-005	1.100000e+000
1.000003557792825e-005	1.100000e+000
1.000005165837031e-005	1.100000e+000
1.000007499222634e-005	1.100000e+000
1.000010472343930e-005	1.100000e+000
1.000016418586523e-005	1.100000e+000
1.000028311071707e-005	1.100000e+000
1.000052096042076e-005	1.100000e+000
1.000099665982815e-005	1.100000e+000
1.000194805864292e-005	1.100000e+000
1.000385085627246e-005	1.100000e+000
1.000765645153154e-005	1.100000e+000
1.001526764204971e-005	1.100000e+000
1.003049002308603e-005	1.100000e+000
1.006093478515869e-005	1.100000e+000
1.011952853515869e-005	1.100000e+000
1.017812228515869e-005	1.100000e+000
1.023671603515868e-005	1.100000e+000
1.032879192801583e-005	1.100000e+000
1.042086782087297e-005	1.100000e+000
1.051294371373011e-005	1.100000e+000
1.060501960658725e-005	1.100000e+000
1.069709549944439e-005	1.100000e+000
1.078917139230154e-005	1.100000e+000
1.088124728515868e-005	1.100000e+000
1.093984103515868e-005	1.100000e+000
1.094456667968265e-005	1.100000e+000
1.095086753904795e-005	1.100000e+000
1.096346925777855e-005	1.100000e+000
1.097480656253880e-005	1.100000e+000
1.097733539047950e-005	1.100000e+000
1.098239304636090e-005	1.100000e+000
1.098989468823720e-005	1.100000e+000
1.098990468823720e-005	1.100000e+000
1.098992468823720e-005	1.100000e+000
1.098996468823721e-005	1.100000e+000
1.099004468823723e-005	1.100000e+000
1.099020468823727e-005	1.100000e+000
1.099244468823781e-005	1.100000e+000
1.099500468823842e-005	1.100000e+000
1.099503468823843e-005	1.100000e+000
1.099818468823918e-005	1.100000e+000
1.100000000000000e-005	1.100000e+000
1.100001000000000e-005	1.100000e+000
1.100001100000000e-005	9.900000e-001
1.100001300000000e-005	7.700000e-001
1.100001600000000e-005	4.400000e-001
1.100002000000000e-005	0.000000e+000
1.100002040000000e-005	0.000000e+000
1.100002120000000e-005	0.000000e+000
1.100002280000000e-005	0.000000e+000
1.100002600000000e-005	0.000000e+000
1.100003240000000e-005	0.000000e+000
1.100004520000000e-005	0.000000e+000
1.100007080000001e-005	0.000000e+000
1.100012200000002e-005	0.000000e+000
1.100020045271041e-005	0.000000e+000
1.100029713957728e-005	0.000000e+000
1.100043234336407e-005	0.000000e+000
1.100070275093767e-005	0.000000e+000
1.100124356608486e-005	0.000000e+000
1.100232519637923e-005	0.000000e+000
1.100448845696799e-005	0.000000e+000
1.100881497814550e-005	0.000000e+000
1.101746802050052e-005	0.000000e+000
1.103477410521056e-005	0.000000e+000
1.106938627463065e-005	0.000000e+000
1.112798002463065e-005	0.000000e+000
1.124516752463065e-005	0.000000e+000
1.133724341748779e-005	0.000000e+000
1.142931931034493e-005	0.000000e+000
1.152139520320208e-005	0.000000e+000
1.161347109605922e-005	0.000000e+000
1.170554698891636e-005	0.000000e+000
1.179762288177350e-005	0.000000e+000
1.188969877463064e-005	0.000000e+000
1.194140625000000e-005	0.000000e+000
1.194141625000000e-005	0.000000e+000
1.194143625000001e-005	0.000000e+000
1.194147625000002e-005	0.000000e+000
1.194155625000004e-005	0.000000e+000
1.194171625000007e-005	0.000000e+000
1.194203625000015e-005	0.000000e+000
1.194267625000030e-005	0.000000e+000
1.194395625000061e-005	0.000000e+000
1.196187625000490e-005	0.000000e+000
1.197951999999510e-005	0.000000e+000
1.197952999999510e-005	0.000000e+000
1.197954999999510e-005	0.000000e+000
1.197958999999511e-005	0.000000e+000
1.197966999999513e-005	0.000000e+000
1.197982999999517e-005	0.000000e+000
1.198014999999525e-005	0.000000e+000
1.198462999999632e-005	0.000000e+000
1.198974999999755e-005	0.000000e+000
1.198975999999755e-005	0.000000e+000
1.198977999999755e-005	0.000000e+000
1.198981999999756e-005	0.000000e+000
1.198989999999758e-005	0.000000e+000
1.199101999999785e-005	0.000000e+000
1.199229999999816e-005	0.000000e+000
1.199485999999877e-005	0.000000e+000
1.199491999999878e-005	0.000000e+000
1.199499999999880e-005	0.000000e+000
1.199743999999939e-005	0.000000e+000
1.199776142857089e-005	0.000000e+000
1.199808285714240e-005	0.000000e+000
1.199840428571390e-005	0.000000e+000
1.199872571428541e-005	0.000000e+000
1.199904714285691e-005	0.000000e+000
1.199936857142842e-005	0.000000e+000
1.199968999999992e-005	0.000000e+000
1.199970999999993e-005	0.000000e+000
1.199999000000000e-005	0.000000e+000
1.200000000000000e-005	0.000000e+000
1.200000100000000e-005	1.100000e-001
1.200000300000000e-005	3.300000e-001
1.200000600000000e-005	6.600000e-001
1.200001000000000e-005	1.100000e+000
1.200001040000000e-005	1.100000e+000
1.200001120000000e-005	1.100000e+000
1.200001280000000e-005	1.100000e+000
1.200001600000000e-005	1.100000e+000
1.200002240000000e-005	1.100000e+000
1.200003520000001e-005	1.100000e+000
1.200006080000001e-005	1.100000e+000
1.200011200000003e-005	1.100000e+000
1.200018325636847e-005	1.100000e+000
1.200026151042709e-005	1.100000e+000
1.200034381716915e-005	1.100000e+000
1.200049374987933e-005	1.100000e+000
1.200064345709128e-005	1.100000e+000
1.200091149404573e-005	1.100000e+000
1.200127682864273e-005	1.100000e+000
1.200182342119216e-005	1.100000e+000
1.200269636744767e-005	1.100000e+000
1.200397201524023e-005	1.100000e+000
1.200600453659656e-005	1.100000e+000
1.200910253160691e-005	1.100000e+000
1.201390507634063e-005	1.100000e+000
1.202273998425387e-005	1.100000e+000
1.203985683172240e-005	1.100000e+000
1.207409052665946e-005	1.100000e+000
1.283580927665945e-005	1.100000e+000
1.289440302665945e-005	1.100000e+000
1.294141625000000e-005	1.100000e+000
1.294142625000001e-005	1.100000e+000
1.294144625000001e-005	1.100000e+000
1.294148625000002e-005	1.100000e+000
1.294155579447775e-005	1.100000e+000
1.294169488343322e-005	1.100000e+000
1.294197306134415e-005	1.100000e+000
1.294252941716602e-005	1.100000e+000
1.294364212880976e-005	1.100000e+000
1.294586755209723e-005	1.100000e+000
1.295031839867218e-005	1.100000e+000
1.295922009182207e-005	1.100000e+000
1.297702347812186e-005	1.100000e+000
1.297703347812186e-005	1.100000e+000
1.297705347812187e-005	1.100000e+000
1.297709347812188e-005	1.100000e+000
1.297717347812189e-005	1.100000e+000
1.297733347812193e-005	1.100000e+000
1.297765347812201e-005	1.100000e+000
1.297829347812216e-005	1.100000e+000
1.297957347812247e-005	1.100000e+000
1.298976999999755e-005	1.100000e+000
1.299480304374404e-005	1.100000e+000
1.299481304374404e-005	1.100000e+000
1.299483304374405e-005	1.100000e+000
1.299487304374406e-005	1.100000e+000
1.299495304374408e-005	1.100000e+000
1.299511304374411e-005	1.100000e+000
1.299543304374419e-005	1.100000e+000
1.299735304374465e-005	1.100000e+000
1.299764391250887e-005	1.100000e+000
1.299803173752783e-005	1.100000e+000
1.299880738756575e-005	1.100000e+000
1.299883738756575e-005	1.100000e+000
1.299887738756576e-005	1.100000e+000
1.299895738756578e-005	1.100000e+000
1.299911738756582e-005	1.100000e+000
1.299943738756590e-005	1.100000e+000
1.299946738756591e-005	1.100000e+000
1.299950738756591e-005	1.100000e+000
1.299974738756597e-005	1.100000e+000
1.299977738756598e-005	1.100000e+000
1.299990738756601e-005	1.100000e+000
1.300000000000000e-005	1.100000e+000
1.300001000000000e-005	1.100000e+000
1.300001100000000e-005	9.900000e-001
1.300001300000000e-005	7.700000e-001
1.300001600000000e-005	4.400000e-001
1.300002000000000e-005	0.000000e+000
1.300002040000000e-005	0.000000e+000
1.300002120000000e-005	0.000000e+000
1.300002280000000e-005	0.000000e+000
1.300002600000000e-005	0.000000e+000
1.300003240000000e-005	0.000000e+000
1.300004520000001e-005	0.000000e+000
1.300007080000001e-005	0.000000e+000
1.300011468602263e-005	0.000000e+000
1.300020245806787e-005	0.000000e+000
1.300037800215834e-005	0.000000e+000
1.300072909033929e-005	0.000000e+000
1.300143126670120e-005	0.000000e+000
1.300283561942500e-005	0.000000e+000
1.313246167212153e-005	0.000000e+000
1.326208772481806e-005	0.000000e+000
1.339171377751459e-005	0.000000e+000
1.352133983021112e-005	0.000000e+000
1.365096588290765e-005	0.000000e+000
1.378059193560418e-005	0.000000e+000
1.391021798830071e-005	0.000000e+000
1.394140625000000e-005	0.000000e+000
1.394143625000000e-005	0.000000e+000
1.394147625000001e-005	0.000000e+000
1.394171625000002e-005	0.000000e+000
1.394711821428553e-005	0.000000e+000
1.395252017857104e-005	0.000000e+000
1.395792214285654e-005	0.000000e+000
1.396332410714205e-005	0.000000e+000
1.396872607142755e-005	0.000000e+000
1.397412803571306e-005	0.000000e+000
1.397952999999857e-005	0.000000e+000
1.397954999999857e-005	0.000000e+000
1.399999000000000e-005	0.000000e+000
1.400000000000000e-005	0.000000e+000
1.400000100000000e-005	1.100000e-001
1.400000300000000e-005	3.300000e-001
1.400000600000000e-005	6.600000e-001
1.400001000000000e-005	1.100000e+000
1.400001040000000e-005	1.100000e+000
1.400001120000000e-005	1.100000e+000
1.400001280000000e-005	1.100000e+000
1.400001600000000e-005	1.100000e+000
1.400002240000000e-005	1.100000e+000
1.400003520000001e-005	1.100000e+000
1.400006080000001e-005	1.100000e+000
1.400011200000003e-005	1.100000e+000
1.400021440000005e-005	1.100000e+000
1.400041920000010e-005	1.100000e+000
1.400785051428759e-005	1.100000e+000
1.401528182857508e-005	1.100000e+000
1.402271314286258e-005	1.100000e+000
1.403014445715007e-005	1.100000e+000
1.403757577143756e-005	1.100000e+000
1.404500708572506e-005	1.100000e+000
1.405243840001255e-005	1.100000e+000
1.410486720002510e-005	1.100000e+000
1.422205470002510e-005	1.100000e+000
1.432482063573580e-005	1.100000e+000
1.442758657144650e-005	1.100000e+000
1.453035250715720e-005	1.100000e+000
1.463311844286790e-005	1.100000e+000
1.473588437857860e-005	1.100000e+000
1.483865031428930e-005	1.100000e+000
1.494141625000000e-005	1.100000e+000
1.496753690005018e-005	1.100000e+000
1.496756690005018e-005	1.100000e+000
1.496768690005021e-005	1.100000e+000
1.498801690005508e-005	1.100000e+000
1.499999964102031e-005	1.100000e+000
1.500001000000000e-005	1.100000e+000
1.500001100000000e-005	9.900000e-001
1.500001300000000e-005	7.700000e-001
1.500001600000000e-005	4.400000e-001
1.500002000000000e-005	0.000000e+000
1.500002040000000e-005	0.000000e+000
1.500002120000000e-005	0.000000e+000
1.500002280000000e-005	0.000000e+000
1.500002600000000e-005	0.000000e+000
1.500003240000000e-005	0.000000e+000
1.500004520000001e-005	0.000000e+000
1.500007080000001e-005	0.000000e+000
1.500012200000002e-005	0.000000e+000
1.500022440000005e-005	0.000000e+000
1.500042920000010e-005	0.000000e+000
1.500083880000020e-005	0.000000e+000
1.513520557857160e-005	0.000000e+000
1.526957235714300e-005	0.000000e+000
1.540393913571440e-005	0.000000e+000
1.553830591428580e-005	0.000000e+000
1.567267269285720e-005	0.000000e+000
1.580703947142860e-005	0.000000e+000
1.594140625000000e-005	0.000000e+000
1.596756690005022e-005	0.000000e+000
1.596759690005022e-005	0.000000e+000
1.596763690005023e-005	0.000000e+000
1.598804690005165e-005	0.000000e+000
1.599999000000000e-005	0.000000e+000
1.599999986826313e-005	0.000000e+000
1.600000000000000e-005	0.000000e+000
1.600000026347373e-005	2.898211e-002
1.600000079042120e-005	8.694633e-002
1.600000184431612e-005	2.028748e-001
1.600000395210598e-005	4.347317e-001
1.600000578442029e-005	6.362863e-001
1.600000944904892e-005	1.039395e+000
1.600001000000000e-005	1.100000e+000
1.600001073292573e-005	1.100000e+000
1.600001219877718e-005	1.100000e+000
1.600001513048009e-005	1.100000e+000
1.600002099388590e-005	1.100000e+000
1.600003272069752e-005	1.100000e+000
1.600005617432077e-005	1.100000e+000
1.600010308156726e-005	1.100000e+000
1.600019689606023e-005	1.100000e+000
1.600075978301811e-005	1.100000e+000
1.600751442651265e-005	1.100000e+000
1.601426907000718e-005	1.100000e+000
1.602102371350171e-005	1.100000e+000
1.602777835699625e-005	1.100000e+000
1.603453300049078e-005	1.100000e+000
1.604128764398531e-005	1.100000e+000
1.604804228747984e-005	1.100000e+000
1.609607530788541e-005	1.100000e+000
1.621326280788541e-005	1.100000e+000
1.631850428044048e-005	1.100000e+000
1.642374575299554e-005	1.100000e+000
1.652898722555060e-005	1.100000e+000
1.663422869810567e-005	1.100000e+000
1.673947017066073e-005	1.100000e+000
1.684471164321579e-005	1.100000e+000
1.694995311577085e-005	1.100000e+000
1.696702684731256e-005	1.100000e+000
1.696705684731257e-005	1.100000e+000
1.698750684731400e-005	1.100000e+000
1.700000000000000e-005	1.100000e+000
1.700001000000000e-005	1.100000e+000
1.700001100000000e-005	9.900000e-001
1.700001300000000e-005	7.700000e-001
1.700001600000000e-005	4.400000e-001
1.700002000000000e-005	1.559830e-010
1.700002040000000e-005	0.000000e+000
1.700002120000000e-005	0.000000e+000
1.700002280000000e-005	0.000000e+000
1.700002599999999e-005	0.000000e+000
1.700003239999999e-005	0.000000e+000
1.700004519999998e-005	0.000000e+000
1.700007079999997e-005	0.000000e+000
1.700012199999994e-005	0.000000e+000
1.700022439999987e-005	0.000000e+000
1.700042919999975e-005	0.000000e+000
1.700083879999950e-005	0.000000e+000
1.713520557857100e-005	0.000000e+000
1.726957235714250e-005	0.000000e+000
1.740393913571400e-005	0.000000e+000
1.753830591428550e-005	0.000000e+000
1.767267269285700e-005	0.000000e+000
1.780703947142850e-005	0.000000e+000
1.794140625000000e-005	0.000000e+000
1.796756689987259e-005	0.000000e+000
1.796759689987259e-005	0.000000e+000
1.796763689987259e-005	0.000000e+000
1.798804689987402e-005	0.000000e+000
1.799999374692314e-005	0.000000e+000
1.800000000000000e-005	0.000000e+000
1.800000062530769e-005	6.878384e-002
1.800000187592306e-005	2.063515e-001
1.800000437715380e-005	4.814869e-001
1.800000937961529e-005	1.031758e+000
1.800001000000000e-005	1.100000e+000
1.800001100049230e-005	1.100000e+000
1.800001300147690e-005	1.100000e+000
1.800001700344609e-005	1.100000e+000
1.800002500738447e-005	1.100000e+000
1.800004101526123e-005	1.100000e+000
1.800007303101475e-005	1.100000e+000
1.800013706252179e-005	1.100000e+000
1.800026512553587e-005	1.100000e+000
1.800052125156403e-005	1.100000e+000
1.800205800773302e-005	1.100000e+000
1.801640106531021e-005	1.100000e+000
1.806557726271773e-005	1.100000e+000
1.818276476271773e-005	1.100000e+000
1.828321119128916e-005	1.100000e+000
1.838365761986059e-005	1.100000e+000
1.848410404843202e-005	1.100000e+000
1.858455047700346e-005	1.100000e+000
1.868499690557489e-005	1.100000e+000
1.878544333414631e-005	1.100000e+000
1.888588976271774e-005	1.100000e+000
1.894448351271775e-005	1.100000e+000
1.894451351271775e-005	1.100000e+000
1.894463351271776e-005	1.100000e+000
1.900000000000000e-005	1.100000e+000
1.900001000000000e-005	1.100000e+000
1.900001100000000e-005	9.900000e-001
1.900001300000000e-005	7.700000e-001
1.900001600000001e-005	4.400000e-001
1.900002000000000e-005	1.559830e-010
1.900002040000000e-005	0.000000e+000
1.900002120000000e-005	0.000000e+000
1.900002280000000e-005	0.000000e+000
1.900002600000000e-005	0.000000e+000
1.900003239999999e-005	0.000000e+000
1.900004519999998e-005	0.000000e+000
1.900007079999997e-005	0.000000e+000
1.900012199999994e-005	0.000000e+000
1.900022439999988e-005	0.000000e+000
1.900042919999975e-005	0.000000e+000
1.900083879999950e-005	0.000000e+000
1.913520557857100e-005	0.000000e+000
1.926957235714250e-005	0.000000e+000
1.940393913571400e-005	0.000000e+000
1.953830591428550e-005	0.000000e+000
1.967267269285700e-005	0.000000e+000
1.980703947142850e-005	0.000000e+000
1.994140625000000e-005	0.000000e+000
1.996756689987259e-005	0.000000e+000
1.996759689987258e-005	0.000000e+000
1.996763689987257e-005	0.000000e+000
1.998804689986708e-005	0.000000e+000
1.999999397056642e-005	0.000000e+000
2.000000000000000e-005	3.726945e-010
2.000000060294336e-005	6.632377e-002
2.000000180883008e-005	1.989713e-001
2.000000422060351e-005	4.642664e-001
2.000000904415037e-005	9.948565e-001
2.000001000000000e-005	1.100000e+000
2.000001096470937e-005	1.100000e+000
2.000001289412812e-005	1.100000e+000
2.000001675296561e-005	1.100000e+000
2.000002447064059e-005	1.100000e+000
2.000003990599055e-005	1.100000e+000
2.000006403647614e-005	1.100000e+000
2.000009090907916e-005	1.100000e+000
2.000014397449987e-005	1.100000e+000
2.000022238466335e-005	1.100000e+000
2.000037920499031e-005	1.100000e+000
2.000069284564424e-005	1.100000e+000
2.000132012695209e-005	1.100000e+000
2.000257468956779e-005	1.100000e+000
2.000508381479919e-005	1.100000e+000
2.001010206526198e-005	1.100000e+000
2.002013856618758e-005	1.100000e+000
2.004021156803877e-005	1.100000e+000
2.008035757174115e-005	1.100000e+000
2.013895132174115e-005	1.100000e+000
2.019754507174115e-005	1.100000e+000
2.031473257174115e-005	1.100000e+000
2.049051382174115e-005	1.100000e+000
2.054910757174115e-005	1.100000e+000
2.060770132174115e-005	1.100000e+000
2.066629507174116e-005	1.100000e+000
2.072488882174116e-005	1.100000e+000
2.078348257174116e-005	1.100000e+000
2.084207632174116e-005	1.100000e+000
2.090067007174116e-005	1.100000e+000
2.094141625000000e-005	1.100000e+000
2.094142625000000e-005	1.100000e+000
2.094144625000000e-005	1.100000e+000
2.094148625000000e-005	1.100000e+000
2.094156625000001e-005	1.100000e+000
2.094172625000002e-005	1.100000e+000
2.094204625000004e-005	1.100000e+000
2.094268625000009e-005	1.100000e+000
2.096188625000143e-005	1.100000e+000
2.097952999999857e-005	1.100000e+000
2.097953999999857e-005	1.100000e+000
2.097955999999857e-005	1.100000e+000
2.097959999999857e-005	1.100000e+000
2.097967999999858e-005	1.100000e+000
2.098111999999868e-005	1.100000e+000
2.098255999999878e-005	1.100000e+000
2.098399999999888e-005	1.100000e+000
2.098543999999898e-005	1.100000e+000
2.098687999999908e-005	1.100000e+000
2.098831999999918e-005	1.100000e+000
2.098975999999928e-005	1.100000e+000
2.098978999999929e-005	1.100000e+000
2.100000000000000e-005	1.100000e+000
2.100001000000000e-005	1.100000e+000
2.100001100000000e-005	9.900000e-001
2.100001300000000e-005	7.700000e-001
2.100001600000000e-005	4.400000e-001
2.100002000000000e-005	1.559830e-010
2.100002040000000e-005	0.000000e+000
2.100002120000000e-005	0.000000e+000
2.100002280000000e-005	0.000000e+000
2.100002599999999e-005	0.000000e+000
2.100003239999999e-005	0.000000e+000
2.100004519999998e-005	0.000000e+000
2.100007079999997e-005	0.000000e+000
2.100009926481157e-005	0.000000e+000
2.100015619443479e-005	0.000000e+000
2.100023346141863e-005	0.000000e+000
2.100031751742385e-005	0.000000e+000
2.100045656637376e-005	0.000000e+000
2.100060103724926e-005	0.000000e+000
2.100088997900024e-005	0.000000e+000
2.100141269508652e-005	0.000000e+000
2.100225620956183e-005	0.000000e+000
2.100394323851246e-005	0.000000e+000
2.100683821750764e-005	0.000000e+000
2.101220016494223e-005	0.000000e+000
2.102223918880021e-005	0.000000e+000
2.104022764896379e-005	0.000000e+000
2.113479831929094e-005	0.000000e+000
2.124361528357666e-005	0.000000e+000
2.135243224786238e-005	0.000000e+000
2.146124921214809e-005	0.000000e+000
2.157006617643381e-005	0.000000e+000
2.167888314071953e-005	0.000000e+000
2.178770010500524e-005	0.000000e+000
2.189651706929096e-005	0.000000e+000
2.194140625000000e-005	0.000000e+000
2.194141625000000e-005	0.000000e+000
2.194143625000000e-005	0.000000e+000
2.194147625000000e-005	0.000000e+000
2.194155625000001e-005	0.000000e+000
2.194171625000002e-005	0.000000e+000
2.194203625000004e-005	0.000000e+000
2.194267625000009e-005	0.000000e+000
2.194395625000018e-005	0.000000e+000
2.194651625000036e-005	0.000000e+000
2.196187625000143e-005	0.000000e+000
2.197951999999857e-005	0.000000e+000
2.197952999999857e-005	0.000000e+000
2.197954999999857e-005	0.000000e+000
2.197958999999857e-005	0.000000e+000
2.197966999999858e-005	0.000000e+000
2.197982999999859e-005	0.000000e+000
2.198014999999861e-005	0.000000e+000
2.198078999999866e-005	0.000000e+000
2.198462999999892e-005	0.000000e+000
2.198974999999928e-005	0.000000e+000
2.198975999999928e-005	0.000000e+000
2.198977999999928e-005	0.000000e+000
2.198981999999929e-005	0.000000e+000
2.198989999999929e-005	0.000000e+000
2.199005999999930e-005	0.000000e+000
2.199037999999933e-005	0.000000e+000
2.199229999999946e-005	0.000000e+000
2.199485999999964e-005	0.000000e+000
2.199491999999964e-005	0.000000e+000
2.199499999999965e-005	0.000000e+000
2.199515999999966e-005	0.000000e+000
2.199611999999973e-005	0.000000e+000
2.199739999999982e-005	0.000000e+000
2.199751999999983e-005	0.000000e+000
2.199767999999984e-005	0.000000e+000
2.199871999999991e-005	0.000000e+000
2.199935999999996e-005	0.000000e+000
2.199967999999998e-005	0.000000e+000
2.199970999999998e-005	0.000000e+000
2.199982999999999e-005	0.000000e+000
2.199985999999999e-005	0.000000e+000
2.199996000000000e-005	0.000000e+000
2.199999000000000e-005	0.000000e+000
2.200000000000000e-005	0.000000e+000
2.200000100000000e-005	1.100000e-001
2.200000300000000e-005	3.300000e-001
2.200000600000000e-005	6.600000e-001
2.200001000000000e-005	1.100000e+000
2.200001040000000e-005	1.100000e+000
2.200001120000000e-005	1.100000e+000
2.200001280000000e-005	1.100000e+000
2.200001600000000e-005	1.100000e+000
2.200002240000000e-005	1.100000e+000
2.200003520000001e-005	1.100000e+000
2.200006080000001e-005	1.100000e+000
2.200011200000002e-005	1.100000e+000
2.200018494189701e-005	1.100000e+000
2.200026013292084e-005	1.100000e+000
2.200038923714607e-005	1.100000e+000
2.200053008811967e-005	1.100000e+000
2.200078876695524e-005	1.100000e+000
2.200117705490700e-005	1.100000e+000
2.200180896017634e-005	1.100000e+000
2.200292288814058e-005	1.100000e+000
2.200472642295392e-005	1.100000e+000
2.200790369952833e-005	1.100000e+000
2.201328624791282e-005	1.100000e+000
2.202253220713361e-005	1.100000e+000
2.203852318856834e-005	1.100000e+000
2.206592659105231e-005	1.100000e+000
2.217189729494285e-005	1.100000e+000
2.227234372351428e-005	1.100000e+000
2.237279015208571e-005	1.100000e+000
2.247323658065714e-005	1.100000e+000
2.257368300922858e-005	1.100000e+000
2.267412943780001e-005	1.100000e+000
2.277457586637144e-005	1.100000e+000
2.287502229494287e-005	1.100000e+000
2.293361604494287e-005	1.100000e+000
2.294141625000000e-005	1.100000e+000
2.295701666011426e-005	1.100000e+000
2.296880917977147e-005	1.100000e+000
2.297642496068559e-005	1.100000e+000
2.298477843817177e-005	1.100000e+000
2.298478843817177e-005	1.100000e+000
2.298480843817177e-005	1.100000e+000
2.298484843817178e-005	1.100000e+000
2.298492843817178e-005	1.100000e+000
2.298508843817179e-005	1.100000e+000
2.298540843817181e-005	1.100000e+000
2.298604843817186e-005	1.100000e+000
2.298732843817195e-005	1.100000e+000
2.298988843817213e-005	1.100000e+000
2.299500843817249e-005	1.100000e+000
2.299501843817249e-005	1.100000e+000
2.299503843817249e-005	1.100000e+000
2.299507843817249e-005	1.100000e+000
2.299515843817250e-005	1.100000e+000
2.299531843817251e-005	1.100000e+000
2.299563843817253e-005	1.100000e+000
2.299627843817258e-005	1.100000e+000
2.299755843817266e-005	1.100000e+000
2.299756843817267e-005	1.100000e+000
2.299758843817267e-005	1.100000e+000
2.299762843817267e-005	1.100000e+000
2.299770843817268e-005	1.100000e+000
2.299786843817269e-005	1.100000e+000
2.299818843817271e-005	1.100000e+000
2.299882843817275e-005	1.100000e+000
2.299885843817276e-005	1.100000e+000
2.299889843817276e-005	1.100000e+000
2.299897843817276e-005	1.100000e+000
2.299913843817278e-005	1.100000e+000
2.299945843817280e-005	1.100000e+000
2.299948843817280e-005	1.100000e+000
2.299952843817280e-005	1.100000e+000
2.299976843817282e-005	1.100000e+000
2.299979843817282e-005	1.100000e+000
2.299992843817283e-005	1.100000e+000
2.299998000000000e-005	1.100000e+000
2.300000000000000e-005	1.100000e+000
2.300001000000000e-005	1.100000e+000
2.300001100000000e-005	9.900000e-001
2.300001300000000e-005	7.700000e-001
2.300001600000000e-005	4.400000e-001
2.300002000000000e-005	1.559830e-010
2.300002040000000e-005	0.000000e+000
2.300002120000000e-005	0.000000e+000
2.300002280000000e-005	0.000000e+000
2.300002599999999e-005	0.000000e+000
2.300003239999999e-005	0.000000e+000
2.300004519999998e-005	0.000000e+000
2.300007079999997e-005	0.000000e+000
2.300012199999994e-005	0.000000e+000
2.300022439999987e-005	0.000000e+000
2.300042919999975e-005	0.000000e+000
2.300083879999950e-005	0.000000e+000
2.394140625000000e-005	0.000000e+000
2.396756689987259e-005	0.000000e+000
2.396759689987259e-005	0.000000e+000
2.396763689987259e-005	0.000000e+000
2.398804689987402e-005	0.000000e+000
2.398806689987402e-005	0.000000e+000
2.399999374692314e-005	0.000000e+000
2.400000000000000e-005	0.000000e+000
2.400000062530769e-005	6.878384e-002
2.400000187592306e-005	2.063515e-001
2.400000437715380e-005	4.814869e-001
2.400000937961529e-005	1.031758e+000
2.400001000000000e-005	1.100000e+000
2.400001100049230e-005	1.100000e+000
2.400001300147690e-005	1.100000e+000
2.400001700344609e-005	1.100000e+000
2.400002500738447e-005	1.100000e+000
2.400004101526123e-005	1.100000e+000
2.400007303101475e-005	1.100000e+000
2.400013706252179e-005	1.100000e+000
2.400026512553587e-005	1.100000e+000
2.400205800773302e-005	1.100000e+000
2.400820503240896e-005	1.100000e+000
2.401640106531021e-005	1.100000e+000
2.403279313111272e-005	1.100000e+000
2.406557726271773e-005	1.100000e+000
2.412417101271773e-005	1.100000e+000
2.424135851271773e-005	1.100000e+000
2.433343440557488e-005	1.100000e+000
2.442551029843202e-005	1.100000e+000
2.451758619128917e-005	1.100000e+000
2.460966208414631e-005	1.100000e+000
2.470173797700346e-005	1.100000e+000
2.479381386986060e-005	1.100000e+000
2.488588976271774e-005	1.100000e+000
2.494448351271775e-005	1.100000e+000
2.494451351271775e-005	1.100000e+000
2.494455351271775e-005	1.100000e+000
2.494955015375787e-005	1.100000e+000
2.495454679479798e-005	1.100000e+000
2.495954343583810e-005	1.100000e+000
2.496454007687822e-005	1.100000e+000
2.496953671791834e-005	1.100000e+000
2.497453335895845e-005	1.100000e+000
2.497952999999857e-005	1.100000e+000
2.497955999999857e-005	1.100000e+000
2.498976999999929e-005	1.100000e+000
2.498978999999929e-005	1.100000e+000
2.500000000000000e-005	1.100000e+000
2.500001000000000e-005	1.100000e+000
2.500001100000000e-005	9.900000e-001
2.500001300000000e-005	7.700000e-001
2.500001600000001e-005	4.400000e-001
2.500002000000000e-005	1.559830e-010
2.500002040000000e-005	0.000000e+000
2.500002120000000e-005	0.000000e+000
2.500002280000000e-005	0.000000e+000
2.500002600000000e-005	0.000000e+000
2.500003239999999e-005	0.000000e+000
2.500004519999998e-005	0.000000e+000
2.500007079999997e-005	0.000000e+000
2.500012199999994e-005	0.000000e+000
2.500022439999988e-005	0.000000e+000
2.500042919999975e-005	0.000000e+000
2.500083879999950e-005	0.000000e+000
2.594140625000000e-005	0.000000e+000
2.596756689987259e-005	0.000000e+000
2.596759689987258e-005	0.000000e+000
2.596771689987255e-005	0.000000e+000
2.598804689986708e-005	0.000000e+000
2.599999397056642e-005	0.000000e+000
2.600000000000000e-005	3.726945e-010
2.600000060294336e-005	6.632377e-002
2.600000180883008e-005	1.989713e-001
2.600000422060351e-005	4.642664e-001
2.600000904415037e-005	9.948565e-001
2.600001000000000e-005	1.100000e+000
2.600001096470937e-005	1.100000e+000
2.600001289412812e-005	1.100000e+000
2.600001675296561e-005	1.100000e+000
2.600002447064059e-005	1.100000e+000
2.600003990599055e-005	1.100000e+000
2.600007077669047e-005	1.100000e+000
2.600013251809031e-005	1.100000e+000
2.600025600088999e-005	1.100000e+000
2.600198476008551e-005	1.100000e+000
2.600791193447014e-005	1.100000e+000
2.601581483364965e-005	1.100000e+000
2.603162063200868e-005	1.100000e+000
2.606323222872673e-005	1.100000e+000
2.612182597872673e-005	1.100000e+000
2.623901347872673e-005	1.100000e+000
2.633108937158388e-005	1.100000e+000
2.642316526444102e-005	1.100000e+000
2.651524115729816e-005	1.100000e+000
2.660731705015531e-005	1.100000e+000
2.669939294301246e-005	1.100000e+000
2.679146883586960e-005	1.100000e+000
2.688354472872674e-005	1.100000e+000
2.694213847872674e-005	1.100000e+000
2.694216847872675e-005	1.100000e+000
2.694220847872675e-005	1.100000e+000
2.694754012462272e-005	1.100000e+000
2.695287177051870e-005	1.100000e+000
2.695820341641467e-005	1.100000e+000
2.696353506231064e-005	1.100000e+000
2.696886670820662e-005	1.100000e+000
2.697419835410259e-005	1.100000e+000
2.697952999999857e-005	1.100000e+000
2.697955999999857e-005	1.100000e+000
2.698976999999928e-005	1.100000e+000
2.698982999999929e-005	1.100000e+000
2.700000000000000e-005	1.100000e+000
2.700001000000000e-005	1.100000e+000
2.700001100000000e-005	9.900000e-001
2.700001300000000e-005	7.700000e-001
2.700001600000000e-005	4.400000e-001
2.700002000000000e-005	1.559830e-010
2.700002040000000e-005	0.000000e+000
2.700002120000000e-005	0.000000e+000
2.700002280000000e-005	0.000000e+000
2.700002599999999e-005	0.000000e+000
2.700003239999999e-005	0.000000e+000
2.700004519999998e-005	0.000000e+000
2.700007079999997e-005	0.000000e+000
2.700012199999994e-005	0.000000e+000
2.700022439999987e-005	0.000000e+000
2.700042919999975e-005	0.000000e+000
2.700083879999950e-005	0.000000e+000
2.794140625000000e-005	0.000000e+000
2.796756689987259e-005	0.000000e+000
2.796759689987259e-005	0.000000e+000
2.796771689987260e-005	0.000000e+000
2.798804689987402e-005	0.000000e+000
2.799999374692314e-005	0.000000e+000
2.800000000000000e-005	0.000000e+000
2.800000062530769e-005	6.878384e-002
2.800000187592306e-005	2.063515e-001
2.800000437715380e-005	4.814869e-001
2.800000937961529e-005	1.031758e+000
2.800001000000000e-005	1.100000e+000
2.800001100049230e-005	1.100000e+000
2.800001300147690e-005	1.100000e+000
2.800001700344609e-005	1.100000e+000
2.800002500738447e-005	1.100000e+000
2.800004101526123e-005	1.100000e+000
2.800007303101474e-005	1.100000e+000
2.800013706252179e-005	1.100000e+000
2.800026512553587e-005	1.100000e+000
2.800205800773302e-005	1.100000e+000
2.800820503240896e-005	1.100000e+000
2.801640106531021e-005	1.100000e+000
2.803279313111272e-005	1.100000e+000
2.806557726271773e-005	1.100000e+000
2.812417101271773e-005	1.100000e+000
2.824135851271773e-005	1.100000e+000
2.833343440557488e-005	1.100000e+000
2.842551029843202e-005	1.100000e+000
2.851758619128917e-005	1.100000e+000
2.860966208414631e-005	1.100000e+000
2.870173797700346e-005	1.100000e+000
2.879381386986060e-005	1.100000e+000
2.888588976271774e-005	1.100000e+000
2.894448351271774e-005	1.100000e+000
2.894451351271775e-005	1.100000e+000
2.894455351271775e-005	1.100000e+000
2.894955015375787e-005	1.100000e+000
2.895454679479798e-005	1.100000e+000
2.895954343583810e-005	1.100000e+000
2.896454007687822e-005	1.100000e+000
2.896953671791834e-005	1.100000e+000
2.897453335895845e-005	1.100000e+000
2.897952999999857e-005	1.100000e+000
2.897955999999857e-005	1.100000e+000
2.898976999999929e-005	1.100000e+000
2.898978999999929e-005	1.100000e+000
2.900000000000000e-005	1.100000e+000
2.900001000000000e-005	1.100000e+000
2.900001100000000e-005	9.900000e-001
2.900001300000000e-005	7.700000e-001
2.900001600000000e-005	4.400000e-001
2.900002000000000e-005	1.559830e-010
2.900002040000000e-005	0.000000e+000
2.900002120000000e-005	0.000000e+000
2.900002280000000e-005	0.000000e+000
2.900002600000000e-005	0.000000e+000
2.900003239999999e-005	0.000000e+000
2.900004519999998e-005	0.000000e+000
2.900007079999997e-005	0.000000e+000
2.900012199999994e-005	0.000000e+000
2.900022439999987e-005	0.000000e+000
2.900042919999975e-005	0.000000e+000
2.900083879999950e-005	0.000000e+000
2.994140625000000e-005	0.000000e+000
2.996756689987259e-005	0.000000e+000
2.996759689987258e-005	0.000000e+000
2.996771689987255e-005	0.000000e+000
2.998804689986708e-005	0.000000e+000
2.999999397056642e-005	0.000000e+000
3.000000000000000e-005	3.726945e-010
3.000000060294336e-005	6.632377e-002
3.000000180883007e-005	1.989713e-001
3.000000422060351e-005	4.642664e-001
3.000000904415037e-005	9.948565e-001
3.000001000000000e-005	1.100000e+000
3.000001096470937e-005	1.100000e+000
3.000001289412812e-005	1.100000e+000
3.000001614116251e-005	1.100000e+000
3.000002000000000e-005	1.100000e+000
3.000002038588375e-005	1.100000e+000
3.000002115765125e-005	1.100000e+000
3.000002270118624e-005	1.100000e+000
3.000002578825623e-005	1.100000e+000
3.000003196239622e-005	1.100000e+000
3.000004431067618e-005	1.100000e+000
3.000006900723610e-005	1.100000e+000
3.000009237487477e-005	1.100000e+000
3.000013911015210e-005	1.100000e+000
3.000023258070678e-005	1.100000e+000
3.000041952181613e-005	1.100000e+000
3.000079340403482e-005	1.100000e+000
3.000154116847221e-005	1.100000e+000
3.000303669734700e-005	1.100000e+000
3.000602775509658e-005	1.100000e+000
3.001200987059573e-005	1.100000e+000
3.002397410159403e-005	1.100000e+000
3.004790256359064e-005	1.100000e+000
3.009575948758386e-005	1.100000e+000
3.015435323758386e-005	1.100000e+000
3.021294698758386e-005	1.100000e+000
3.030502288044101e-005	1.100000e+000
3.039709877329815e-005	1.100000e+000
3.048917466615529e-005	1.100000e+000
3.058125055901243e-005	1.100000e+000
3.067332645186957e-005	1.100000e+000
3.076540234472672e-005	1.100000e+000
3.085747823758386e-005	1.100000e+000
3.094141625000000e-005	1.100000e+000
3.096513192550312e-005	1.100000e+000
3.097490344698130e-005	1.100000e+000
3.098793214228555e-005	1.100000e+000
3.098794214228555e-005	1.100000e+000
3.098796214228556e-005	1.100000e+000
3.098800214228558e-005	1.100000e+000
3.098808214228561e-005	1.100000e+000
3.098856214228581e-005	1.100000e+000
3.099716143083688e-005	1.100000e+000
3.099831570748518e-005	1.100000e+000
3.099834570748519e-005	1.100000e+000
3.099999999999841e-005	1.100000e+000
3.100001000000000e-005	1.100000e+000
3.100001100000000e-005	9.900000e-001
3.100001300000000e-005	7.700000e-001
3.100001600000000e-005	4.400000e-001
3.100002000000000e-005	1.559830e-010
3.100002040000000e-005	0.000000e+000
3.100002120000000e-005	0.000000e+000
3.100002279999999e-005	0.000000e+000
3.100002599999999e-005	0.000000e+000
3.100003240000000e-005	0.000000e+000
3.100004520000000e-005	0.000000e+000
3.100007080000001e-005	0.000000e+000
3.100012200000002e-005	0.000000e+000
3.100020045269630e-005	0.000000e+000
3.100029713956639e-005	0.000000e+000
3.100043234334042e-005	0.000000e+000
3.100070275088848e-005	0.000000e+000
3.100124356598460e-005	0.000000e+000
3.100232519617684e-005	0.000000e+000
3.100448845656131e-005	0.000000e+000
3.100881497733026e-005	0.000000e+000
3.101746801886815e-005	0.000000e+000
3.103477410194394e-005	0.000000e+000
3.106938626809551e-005	0.000000e+000
3.112798001809551e-005	0.000000e+000
3.124516751809550e-005	0.000000e+000
3.133724341095264e-005	0.000000e+000
3.142931930380978e-005	0.000000e+000
3.152139519666692e-005	0.000000e+000
3.161347108952406e-005	0.000000e+000
3.170554698238120e-005	0.000000e+000
3.179762287523833e-005	0.000000e+000
3.188969876809548e-005	0.000000e+000
3.194140625000000e-005	0.000000e+000
3.194141625000000e-005	0.000000e+000
3.194143625000000e-005	0.000000e+000
3.194147625000001e-005	0.000000e+000
3.194155625000001e-005	0.000000e+000
3.194171625000002e-005	0.000000e+000
3.194203625000005e-005	0.000000e+000
3.194267625000009e-005	0.000000e+000
3.194395625000018e-005	0.000000e+000
3.196187625000143e-005	0.000000e+000
3.197951999999857e-005	0.000000e+000
3.197952999999857e-005	0.000000e+000
3.197954999999857e-005	0.000000e+000
3.197958999999857e-005	0.000000e+000
3.197966999999858e-005	0.000000e+000
3.197982999999859e-005	0.000000e+000
3.198014999999861e-005	0.000000e+000
3.198462999999892e-005	0.000000e+000
3.198974999999928e-005	0.000000e+000
3.198975999999928e-005	0.000000e+000
3.198977999999928e-005	0.000000e+000
3.198981999999929e-005	0.000000e+000
3.198989999999929e-005	0.000000e+000
3.199101999999937e-005	0.000000e+000
3.199229999999946e-005	0.000000e+000
3.199485999999964e-005	0.000000e+000
3.199491999999964e-005	0.000000e+000
3.199499999999965e-005	0.000000e+000
3.199743999999982e-005	0.000000e+000
3.199776142857127e-005	0.000000e+000
3.199808285714272e-005	0.000000e+000
3.199840428571417e-005	0.000000e+000
3.199872571428562e-005	0.000000e+000
3.199904714285707e-005	0.000000e+000
3.199936857142853e-005	0.000000e+000
3.199968999999998e-005	0.000000e+000
3.199970999999998e-005	0.000000e+000
3.199999000000000e-005	0.000000e+000
3.200000000000000e-005	0.000000e+000
3.200000100000000e-005	1.100000e-001
3.200000300000000e-005	3.300000e-001
3.200000600000000e-005	6.600000e-001
3.200001000000000e-005	1.100000e+000
3.200001040000000e-005	1.100000e+000
3.200001120000000e-005	1.100000e+000
3.200001280000000e-005	1.100000e+000
3.200001600000000e-005	1.100000e+000
3.200002239999999e-005	1.100000e+000
3.200003519999998e-005	1.100000e+000
3.200006079999997e-005	1.100000e+000
3.200011199999994e-005	1.100000e+000
3.200018325636843e-005	1.100000e+000
3.200026151042708e-005	1.100000e+000
3.200034381716919e-005	1.100000e+000
3.200049374987936e-005	1.100000e+000
3.200064345709133e-005	1.100000e+000
3.200091149404581e-005	1.100000e+000
3.200127682864288e-005	1.100000e+000
3.200182342119251e-005	1.100000e+000
3.200269636744847e-005	1.100000e+000
3.200397201524201e-005	1.100000e+000
3.200600453660025e-005	1.100000e+000
3.200910253161430e-005	1.100000e+000
3.201390507635483e-005	1.100000e+000
3.202273998427617e-005	1.100000e+000
3.203985683177148e-005	1.100000e+000
3.207409052676208e-005	1.100000e+000
3.283580927676205e-005	1.100000e+000
3.289440302676205e-005	1.100000e+000
3.294141625000000e-005	1.100000e+000
3.294142625000000e-005	1.100000e+000
3.294144625000000e-005	1.100000e+000
3.294148625000000e-005	1.100000e+000
3.294155579447782e-005	1.100000e+000
3.294169488343344e-005	1.100000e+000
3.294197306134470e-005	1.100000e+000
3.294252941716721e-005	1.100000e+000
3.294364212881223e-005	1.100000e+000
3.294586755210226e-005	1.100000e+000
3.295031839868232e-005	1.100000e+000
3.295922009184244e-005	1.100000e+000
3.297702347816270e-005	1.100000e+000
3.297703347816270e-005	1.100000e+000
3.297705347816270e-005	1.100000e+000
3.297709347816270e-005	1.100000e+000
3.297717347816271e-005	1.100000e+000
3.297733347816272e-005	1.100000e+000
3.297765347816274e-005	1.100000e+000
3.297829347816279e-005	1.100000e+000
3.297957347816288e-005	1.100000e+000
3.298725347816341e-005	1.100000e+000
3.298976999999928e-005	1.100000e+000
3.299480304367101e-005	1.100000e+000
3.299481304367101e-005	1.100000e+000
3.299483304367102e-005	1.100000e+000
3.299487304367102e-005	1.100000e+000
3.299495304367102e-005	1.100000e+000
3.299511304367103e-005	1.100000e+000
3.299543304367106e-005	1.100000e+000
3.299735304367119e-005	1.100000e+000
3.299764391265707e-005	1.100000e+000
3.299803173797158e-005	1.100000e+000
3.299880738860059e-005	1.100000e+000
3.299883738860059e-005	1.100000e+000
3.299887738860059e-005	1.100000e+000
3.299895738860060e-005	1.100000e+000
3.299911738860061e-005	1.100000e+000
3.299943738860063e-005	1.100000e+000
3.299946738860064e-005	1.100000e+000
3.299950738860064e-005	1.100000e+000
3.299974738860065e-005	1.100000e+000
3.299977738860066e-005	1.100000e+000
3.299990738860067e-005	1.100000e+000
3.300000000000000e-005	1.100000e+000
3.300001000000000e-005	1.100000e+000
3.300001100000000e-005	9.900000e-001
3.300001300000000e-005	7.700000e-001
3.300001600000000e-005	4.400000e-001
3.300002000000000e-005	1.559830e-010
3.300002040000000e-005	0.000000e+000
3.300002120000000e-005	0.000000e+000
3.300002280000000e-005	0.000000e+000
3.300002599999999e-005	0.000000e+000
3.300003239999999e-005	0.000000e+000
3.300004519999998e-005	0.000000e+000
3.300007079999997e-005	0.000000e+000
3.300011468602272e-005	0.000000e+000
3.300020245806823e-005	0.000000e+000
3.300037800215925e-005	0.000000e+000
3.300072909034129e-005	0.000000e+000
3.300143126670538e-005	0.000000e+000
3.300283561943354e-005	0.000000e+000
3.313246167216869e-005	0.000000e+000
3.326208772490384e-005	0.000000e+000
3.339171377763899e-005	0.000000e+000
3.352133983037414e-005	0.000000e+000
3.365096588310929e-005	0.000000e+000
3.378059193584444e-005	0.000000e+000
3.391021798857959e-005	0.000000e+000
3.394140625000000e-005	0.000000e+000
3.394143625000000e-005	0.000000e+000
3.394147625000001e-005	0.000000e+000
3.394171625000002e-005	0.000000e+000
3.394711821428553e-005	0.000000e+000
3.395252017857104e-005	0.000000e+000
3.395792214285654e-005	0.000000e+000
3.396332410714205e-005	0.000000e+000
3.396872607142755e-005	0.000000e+000
3.397412803571306e-005	0.000000e+000
3.397952999999857e-005	0.000000e+000
3.397954999999857e-005	0.000000e+000
3.399999000000000e-005	0.000000e+000
3.400000000000000e-005	0.000000e+000
3.400000100000000e-005	1.100000e-001
3.400000300000000e-005	3.300000e-001
3.400000600000000e-005	6.600000e-001
3.400001000000000e-005	1.100000e+000
3.400001040000000e-005	1.100000e+000
3.400001120000000e-005	1.100000e+000
3.400001280000000e-005	1.100000e+000
3.400001600000000e-005	1.100000e+000
3.400002239999999e-005	1.100000e+000
3.400003519999999e-005	1.100000e+000
3.400006079999997e-005	1.100000e+000
3.400011199999994e-005	1.100000e+000
3.400021439999988e-005	1.100000e+000
3.400041919999975e-005	1.100000e+000
3.400785051428095e-005	1.100000e+000
3.401528182856215e-005	1.100000e+000
3.402271314284335e-005	1.100000e+000
3.403014445712454e-005	1.100000e+000
3.403757577140575e-005	1.100000e+000
3.404500708568694e-005	1.100000e+000
3.405243839996814e-005	1.100000e+000
3.410486719993628e-005	1.100000e+000
3.422205469993628e-005	1.100000e+000
3.432482063565967e-005	1.100000e+000
3.442758657138305e-005	1.100000e+000
3.453035250710644e-005	1.100000e+000
3.463311844282984e-005	1.100000e+000
3.473588437855322e-005	1.100000e+000
3.483865031427661e-005	1.100000e+000
3.494141625000000e-005	1.100000e+000
3.496753689987249e-005	1.100000e+000
3.496756689987250e-005	1.100000e+000
3.496768689987251e-005	1.100000e+000
3.498801689987393e-005	1.100000e+000
3.500000000000000e-005	1.100000e+000
3.500001000000000e-005	1.100000e+000
3.500001100000000e-005	9.900000e-001
3.500001300000000e-005	7.700000e-001
3.500001600000000e-005	4.400000e-001
3.500002000000000e-005	1.559830e-010
3.500002040000000e-005	0.000000e+000
3.500002120000000e-005	0.000000e+000
3.500002280000000e-005	0.000000e+000
3.500002600000000e-005	0.000000e+000
3.500003239999999e-005	0.000000e+000
3.500004519999998e-005	0.000000e+000
3.500007079999997e-005	0.000000e+000
3.500012199999994e-005	0.000000e+000
3.500022439999987e-005	0.000000e+000
3.500042919999975e-005	0.000000e+000
3.500083879999950e-005	0.000000e+000
3.513520557857100e-005	0.000000e+000
3.526957235714250e-005	0.000000e+000
3.540393913571400e-005	0.000000e+000
3.553830591428551e-005	0.000000e+000
3.567267269285701e-005	0.000000e+000
3.580703947142850e-005	0.000000e+000
3.594140625000000e-005	0.000000e+000
3.596756689987249e-005	0.000000e+000
3.596759689987249e-005	0.000000e+000
3.596763689987249e-005	0.000000e+000
3.598804689987392e-005	0.000000e+000
3.599999374899180e-005	0.000000e+000
3.600000000000000e-005	0.000000e+000
3.600000062510082e-005	6.876109e-002
3.600000187530247e-005	2.062833e-001
3.600000437570575e-005	4.813276e-001
3.600000937651230e-005	1.031416e+000
3.600001000000000e-005	1.100000e+000
3.600001100016131e-005	1.100000e+000
3.600001300048394e-005	1.100000e+000
3.600001700112918e-005	1.100000e+000
3.600002500241968e-005	1.100000e+000
3.600004100500068e-005	1.100000e+000
3.600007301016268e-005	1.100000e+000
3.600013702048666e-005	1.100000e+000
3.600026504113463e-005	1.100000e+000
3.600052108243057e-005	1.100000e+000
3.600205733020623e-005	1.100000e+000
3.601639564277903e-005	1.100000e+000
3.606555557160007e-005	1.100000e+000
3.618274307160007e-005	1.100000e+000
3.628318950017149e-005	1.100000e+000
3.638363592874291e-005	1.100000e+000
3.648408235731434e-005	1.100000e+000
3.658452878588577e-005	1.100000e+000
3.668497521445719e-005	1.100000e+000
3.678542164302861e-005	1.100000e+000
3.688586807160004e-005	1.100000e+000
3.694446182160004e-005	1.100000e+000
3.694449182160004e-005	1.100000e+000
3.694461182160005e-005	1.100000e+000
3.700000000000000e-005	1.100000e+000
3.700001000000000e-005	1.100000e+000
3.700001100000000e-005	9.900000e-001
3.700001300000000e-005	7.700000e-001
3.700001600000000e-005	4.400000e-001
3.700002000000000e-005	1.559830e-010
3.700002040000000e-005	0.000000e+000
3.700002120000000e-005	0.000000e+000
3.700002280000000e-005	0.000000e+000
3.700002600000000e-005	0.000000e+000
3.700003239999999e-005	0.000000e+000
3.700004519999998e-005	0.000000e+000
3.700007079999997e-005	0.000000e+000
3.700012199999994e-005	0.000000e+000
3.700022439999988e-005	0.000000e+000
3.700042919999975e-005	0.000000e+000
3.700083879999950e-005	0.000000e+000
3.713520557857100e-005	0.000000e+000
3.726957235714250e-005	0.000000e+000
3.740393913571400e-005	0.000000e+000
3.753830591428551e-005	0.000000e+000
3.767267269285701e-005	0.000000e+000
3.780703947142851e-005	0.000000e+000
3.794140625000000e-005	0.000000e+000
3.796756689987249e-005	0.000000e+000
3.796759689987247e-005	0.000000e+000
3.796763689987245e-005	0.000000e+000
3.798804689986004e-005	0.000000e+000
3.799999419627836e-005	0.000000e+000
3.800000000000000e-005	7.453890e-010
3.800000058037217e-005	6.384094e-002
3.800000174111649e-005	1.915228e-001
3.800000406260515e-005	4.468866e-001
3.800000535702268e-005	5.892725e-001
3.800000741116493e-005	8.152282e-001
3.800001000000000e-005	1.100000e+000
3.800001025888350e-005	1.100000e+000
3.800001077665052e-005	1.100000e+000
3.800001181218455e-005	1.100000e+000
3.800001388325260e-005	1.100000e+000
3.800001802538871e-005	1.100000e+000
3.800002630966094e-005	1.100000e+000
3.800004287820540e-005	1.100000e+000
3.800007601529430e-005	1.100000e+000
3.800014228947211e-005	1.100000e+000
3.800027483782774e-005	1.100000e+000
3.800053993453899e-005	1.100000e+000
3.800425128849648e-005	1.100000e+000
3.801697593063645e-005	1.100000e+000
3.803394212015641e-005	1.100000e+000
3.806787449919634e-005	1.100000e+000
3.818506199919633e-005	1.100000e+000
3.828550842776776e-005	1.100000e+000
3.838595485633918e-005	1.100000e+000
3.848640128491061e-005	1.100000e+000
3.858684771348203e-005	1.100000e+000
3.868729414205346e-005	1.100000e+000
3.878774057062488e-005	1.100000e+000
3.888818699919630e-005	1.100000e+000
3.894678074919630e-005	1.100000e+000
3.894681074919630e-005	1.100000e+000
3.894685074919631e-005	1.100000e+000
3.899999999999999e-005	1.100000e+000
3.900000999999999e-005	1.100000e+000
3.900001100000000e-005	9.900000e-001
3.900001300000000e-005	7.700000e-001
3.900001600000000e-005	4.400000e-001
3.900001999999999e-005	1.559830e-010
3.900002039999999e-005	0.000000e+000
3.900002119999999e-005	0.000000e+000
3.900002279999999e-005	0.000000e+000
3.900002599999999e-005	0.000000e+000
3.900003239999999e-005	0.000000e+000
3.900004519999998e-005	0.000000e+000
3.900007079999996e-005	0.000000e+000
3.900012199999993e-005	0.000000e+000
3.900022439999987e-005	0.000000e+000
3.900042919999975e-005	0.000000e+000
3.900083879999950e-005	0.000000e+000
3.913520557857100e-005	0.000000e+000
3.926957235714250e-005	0.000000e+000
3.940393913571400e-005	0.000000e+000
3.953830591428550e-005	0.000000e+000
3.967267269285700e-005	0.000000e+000
3.980703947142850e-005	0.000000e+000
3.994140625000000e-005	0.000000e+000
3.996756689987248e-005	0.000000e+000
3.996759689987248e-005	0.000000e+000
3.996763689987249e-005	0.000000e+000
3.998804689987392e-005	0.000000e+000
3.999999374899180e-005	0.000000e+000
4.000000000000000e-005	0.000000e+000
4.000000062510082e-005	6.876109e-002
4.000000187530246e-005	2.062833e-001
4.000000437570574e-005	4.813276e-001
4.000000937651230e-005	1.031416e+000
4.000001000000000e-005	1.100000e+000
4.000001100016131e-005	1.100000e+000
4.000001300048393e-005	1.100000e+000
4.000001700112918e-005	1.100000e+000
4.000002500241968e-005	1.100000e+000
4.000004090685346e-005	1.100000e+000
4.000006651508792e-005	1.100000e+000
4.000009301867897e-005	1.100000e+000
4.000014602586108e-005	1.100000e+000
4.000022643966906e-005	1.100000e+000
4.000038726728502e-005	1.100000e+000
4.000070892251693e-005	1.100000e+000
4.000135223298077e-005	1.100000e+000
4.000263885390845e-005	1.100000e+000
4.000521209576380e-005	1.100000e+000
4.001035857947451e-005	1.100000e+000
4.002065154689592e-005	1.100000e+000
4.004123748173875e-005	1.100000e+000
4.008240935142441e-005	1.100000e+000
4.014100310142441e-005	1.100000e+000
4.019959685142440e-005	1.100000e+000
4.031678435142440e-005	1.100000e+000
4.049256560142439e-005	1.100000e+000
4.055115935142439e-005	1.100000e+000
4.060975310142439e-005	1.100000e+000
4.066834685142438e-005	1.100000e+000
4.072694060142438e-005	1.100000e+000
4.078553435142438e-005	1.100000e+000
4.084412810142438e-005	1.100000e+000
4.090272185142437e-005	1.100000e+000
4.094141625000000e-005	1.100000e+000
4.094142625000000e-005	1.100000e+000
4.094144625000000e-005	1.100000e+000
4.094148625000000e-005	1.100000e+000
4.094156625000001e-005	1.100000e+000
4.094172625000002e-005	1.100000e+000
4.094204625000004e-005	1.100000e+000
4.094268625000009e-005	1.100000e+000
4.095164625000071e-005	1.100000e+000
4.096188625000143e-005	1.100000e+000
4.097952999999856e-005	1.100000e+000
4.097953999999856e-005	1.100000e+000
4.097955999999856e-005	1.100000e+000
4.097959999999857e-005	1.100000e+000
4.097967999999857e-005	1.100000e+000
4.098111999999867e-005	1.100000e+000
4.098255999999877e-005	1.100000e+000
4.098399999999887e-005	1.100000e+000
4.098543999999898e-005	1.100000e+000
4.098687999999908e-005	1.100000e+000
4.098831999999918e-005	1.100000e+000
4.098975999999928e-005	1.100000e+000
4.098978999999928e-005	1.100000e+000
4.099999999999999e-005	1.100000e+000
4.100000999999999e-005	1.100000e+000
4.100001100000000e-005	9.900000e-001
4.100001300000000e-005	7.700000e-001
4.100001600000000e-005	4.400000e-001
4.100002000000000e-005	1.559830e-010
4.100002040000000e-005	0.000000e+000
4.100002119999999e-005	0.000000e+000
4.100002279999999e-005	0.000000e+000
4.100002599999999e-005	0.000000e+000
4.100003239999999e-005	0.000000e+000
4.100004519999998e-005	0.000000e+000
4.100007079999996e-005	0.000000e+000
4.100009926308537e-005	0.000000e+000
4.100015618925618e-005	0.000000e+000
4.100023346259565e-005	0.000000e+000
4.100031751380483e-005	0.000000e+000
4.100045656208054e-005	0.000000e+000
4.100060103073607e-005	0.000000e+000
4.100088996804713e-005	0.000000e+000
4.100141267704665e-005	0.000000e+000
4.100225617849266e-005	0.000000e+000
4.100394318138469e-005	0.000000e+000
4.100683814580557e-005	0.000000e+000
4.101220005500837e-005	0.000000e+000
4.102223901687011e-005	0.000000e+000
4.104022742787827e-005	0.000000e+000
4.113479799989457e-005	0.000000e+000
4.124361496418029e-005	0.000000e+000
4.135243192846600e-005	0.000000e+000
4.146124889275171e-005	0.000000e+000
4.157006585703741e-005	0.000000e+000
4.167888282132312e-005	0.000000e+000
4.178769978560883e-005	0.000000e+000
4.189651674989454e-005	0.000000e+000
4.194140625000000e-005	0.000000e+000
4.194141625000000e-005	0.000000e+000
4.194143625000000e-005	0.000000e+000
4.194147625000001e-005	0.000000e+000
4.194155625000001e-005	0.000000e+000
4.194171625000002e-005	0.000000e+000
4.194203625000004e-005	0.000000e+000
4.194267625000009e-005	0.000000e+000
4.194395625000018e-005	0.000000e+000
4.194651625000036e-005	0.000000e+000
4.196187625000143e-005	0.000000e+000
4.197951999999857e-005	0.000000e+000
4.197952999999857e-005	0.000000e+000
4.197954999999857e-005	0.000000e+000
4.197958999999857e-005	0.000000e+000
4.197966999999858e-005	0.000000e+000
4.197982999999859e-005	0.000000e+000
4.198014999999861e-005	0.000000e+000
4.198078999999865e-005	0.000000e+000
4.198462999999892e-005	0.000000e+000
4.198974999999928e-005	0.000000e+000
4.198975999999928e-005	0.000000e+000
4.198977999999928e-005	0.000000e+000
4.198981999999929e-005	0.000000e+000
4.198989999999929e-005	0.000000e+000
4.199005999999930e-005	0.000000e+000
4.199037999999933e-005	0.000000e+000
4.199229999999946e-005	0.000000e+000
4.199485999999964e-005	0.000000e+000
4.199491999999964e-005	0.000000e+000
4.199499999999965e-005	0.000000e+000
4.199515999999966e-005	0.000000e+000
4.199611999999973e-005	0.000000e+000
4.199739999999982e-005	0.000000e+000
4.199751999999982e-005	0.000000e+000
4.199767999999984e-005	0.000000e+000
4.199871999999991e-005	0.000000e+000
4.199935999999995e-005	0.000000e+000
4.199967999999998e-005	0.000000e+000
4.199970999999998e-005	0.000000e+000
4.199982999999999e-005	0.000000e+000
4.199985999999999e-005	0.000000e+000
4.199996000000000e-005	0.000000e+000
4.199999000000000e-005	0.000000e+000
4.200000000000000e-005	0.000000e+000
4.200000100000000e-005	1.100000e-001
4.200000300000000e-005	3.300000e-001
4.200000600000000e-005	6.600000e-001
4.200001000000000e-005	1.100000e+000
4.200001040000000e-005	1.100000e+000
4.200001120000000e-005	1.100000e+000
4.200001280000000e-005	1.100000e+000
4.200001600000000e-005	1.100000e+000
4.200002239999999e-005	1.100000e+000
4.200003519999998e-005	1.100000e+000
4.200006079999997e-005	1.100000e+000
4.200011199999994e-005	1.100000e+000
4.200018494189686e-005	1.100000e+000
4.200026013292061e-005	1.100000e+000
4.200038923714576e-005	1.100000e+000
4.200053008811910e-005	1.100000e+000
4.200078876695437e-005	1.100000e+000
4.200117705490550e-005	1.100000e+000
4.200180896017383e-005	1.100000e+000
4.200292288813649e-005	1.100000e+000
4.200472642294697e-005	1.100000e+000
4.200790369951694e-005	1.100000e+000
4.201328624789377e-005	1.100000e+000
4.202253220709811e-005	1.100000e+000
4.203852318850624e-005	1.100000e+000
4.206592659095014e-005	1.100000e+000
4.217189729476690e-005	1.100000e+000
4.227234372333833e-005	1.100000e+000
4.237279015190975e-005	1.100000e+000
4.247323658048118e-005	1.100000e+000
4.257368300905260e-005	1.100000e+000
4.267412943762403e-005	1.100000e+000
4.277457586619545e-005	1.100000e+000
4.287502229476688e-005	1.100000e+000
4.293361604476687e-005	1.100000e+000
4.294141625000000e-005	1.100000e+000
4.295701666046625e-005	1.100000e+000
4.296880917906749e-005	1.100000e+000
4.297642496279751e-005	1.100000e+000
4.298477843253997e-005	1.100000e+000
4.298478843253997e-005	1.100000e+000
4.298480843253997e-005	1.100000e+000
4.298484843253998e-005	1.100000e+000
4.298492843253998e-005	1.100000e+000
4.298508843253999e-005	1.100000e+000
4.298540843254002e-005	1.100000e+000
4.298604843254006e-005	1.100000e+000
4.298732843254015e-005	1.100000e+000
4.298988843254033e-005	1.100000e+000
4.299500843254069e-005	1.100000e+000
4.299501843254069e-005	1.100000e+000
4.299503843254069e-005	1.100000e+000
4.299507843254069e-005	1.100000e+000
4.299515843254070e-005	1.100000e+000
4.299531843254071e-005	1.100000e+000
4.299563843254073e-005	1.100000e+000
4.299627843254078e-005	1.100000e+000
4.299755843254087e-005	1.100000e+000
4.299756843254087e-005	1.100000e+000
4.299758843254087e-005	1.100000e+000
4.299762843254087e-005	1.100000e+000
4.299770843254088e-005	1.100000e+000
4.299786843254089e-005	1.100000e+000
4.299818843254091e-005	1.100000e+000
4.299882843254096e-005	1.100000e+000
4.299885843254096e-005	1.100000e+000
4.299889843254096e-005	1.100000e+000
4.299897843254097e-005	1.100000e+000
4.299913843254098e-005	1.100000e+000
4.299945843254100e-005	1.100000e+000
4.299948843254100e-005	1.100000e+000
4.299952843254100e-005	1.100000e+000
4.299976843254102e-005	1.100000e+000
4.299979843254102e-005	1.100000e+000
4.299992843254103e-005	1.100000e+000
4.299997999999999e-005	1.100000e+000
4.300000000000000e-005	1.100000e+000
4.300001000000000e-005	1.100000e+000
4.300001100000000e-005	9.900000e-001
4.300001300000000e-005	7.700000e-001
4.300001600000000e-005	4.400000e-001
4.300002000000000e-005	1.559830e-010
4.300002040000000e-005	0.000000e+000
4.300002120000000e-005	0.000000e+000
4.300002280000000e-005	0.000000e+000
4.300002599999999e-005	0.000000e+000
4.300003239999999e-005	0.000000e+000
4.300004519999998e-005	0.000000e+000
4.300007079999997e-005	0.000000e+000
4.300012199999993e-005	0.000000e+000
4.300022439999987e-005	0.000000e+000
4.300042919999975e-005	0.000000e+000
4.300083879999950e-005	0.000000e+000
4.394140625000000e-005	0.000000e+000
4.396756689987249e-005	0.000000e+000
4.396759689987249e-005	0.000000e+000
4.396763689987249e-005	0.000000e+000
4.398804689987392e-005	0.000000e+000
4.398806689987392e-005	0.000000e+000
4.399999374899180e-005	0.000000e+000
4.400000000000000e-005	0.000000e+000
4.400000062510082e-005	6.876109e-002
4.400000187530246e-005	2.062833e-001
4.400000437570574e-005	4.813276e-001
4.400000937651230e-005	1.031416e+000
4.400001000000000e-005	1.100000e+000
4.400001100016131e-005	1.100000e+000
4.400001300048394e-005	1.100000e+000
4.400001700112918e-005	1.100000e+000
4.400002500241968e-005	1.100000e+000
4.400004100500068e-005	1.100000e+000
4.400007301016267e-005	1.100000e+000
4.400013702048666e-005	1.100000e+000
4.400026504113463e-005	1.100000e+000
4.400205733020623e-005	1.100000e+000
4.400820232130886e-005	1.100000e+000
4.401639564277903e-005	1.100000e+000
4.403278228571938e-005	1.100000e+000
4.406555557160007e-005	1.100000e+000
4.412414932160007e-005	1.100000e+000
4.424133682160006e-005	1.100000e+000
4.433341271445721e-005	1.100000e+000
4.442548860731434e-005	1.100000e+000
4.451756450017148e-005	1.100000e+000
4.460964039302862e-005	1.100000e+000
4.470171628588576e-005	1.100000e+000
4.479379217874289e-005	1.100000e+000
4.488586807160004e-005	1.100000e+000
4.494446182160003e-005	1.100000e+000
4.494449182160004e-005	1.100000e+000
4.494453182160004e-005	1.100000e+000
4.494953156137125e-005	1.100000e+000
4.495453130114248e-005	1.100000e+000
4.495953104091369e-005	1.100000e+000
4.496453078068491e-005	1.100000e+000
4.496953052045613e-005	1.100000e+000
4.497453026022735e-005	1.100000e+000
4.497952999999856e-005	1.100000e+000
4.497955999999857e-005	1.100000e+000
4.498976999999928e-005	1.100000e+000
4.498978999999928e-005	1.100000e+000
4.500000000000000e-005	1.100000e+000
4.500001000000000e-005	1.100000e+000
4.500001100000000e-005	9.900000e-001
4.500001300000000e-005	7.700000e-001
4.500001600000000e-005	4.400000e-001
4.500002000000000e-005	1.559830e-010
4.500002040000000e-005	0.000000e+000
4.500002120000000e-005	0.000000e+000
4.500002280000000e-005	0.000000e+000
4.500002599999999e-005	0.000000e+000
4.500003239999999e-005	0.000000e+000
4.500004519999998e-005	0.000000e+000
4.500007079999997e-005	0.000000e+000
4.500012199999994e-005	0.000000e+000
4.500022439999987e-005	0.000000e+000
4.500042919999975e-005	0.000000e+000
4.500083879999950e-005	0.000000e+000
4.594140625000000e-005	0.000000e+000
4.596756689987249e-005	0.000000e+000
4.596759689987249e-005	0.000000e+000
4.596771689987250e-005	0.000000e+000
4.598804689987392e-005	0.000000e+000
4.599999374899180e-005	0.000000e+000
4.600000000000000e-005	0.000000e+000
4.600000062510082e-005	6.876109e-002
4.600000187530247e-005	2.062833e-001
4.600000437570574e-005	4.813276e-001
4.600000937651230e-005	1.031416e+000
4.600001000000000e-005	1.100000e+000
4.600001100016131e-005	1.100000e+000
4.600001300048394e-005	1.100000e+000
4.600001700112918e-005	1.100000e+000
4.600002500241968e-005	1.100000e+000
4.600004100500068e-005	1.100000e+000
4.600007301016267e-005	1.100000e+000
4.600013702048666e-005	1.100000e+000
4.600026504113463e-005	1.100000e+000
4.600205733020623e-005	1.100000e+000
4.600820232130886e-005	1.100000e+000
4.601639564277903e-005	1.100000e+000
4.603278228571938e-005	1.100000e+000
4.606555557160007e-005	1.100000e+000
4.612414932160007e-005	1.100000e+000
4.624133682160006e-005	1.100000e+000
4.633341271445721e-005	1.100000e+000
4.642548860731434e-005	1.100000e+000
4.651756450017148e-005	1.100000e+000
4.660964039302862e-005	1.100000e+000
4.670171628588576e-005	1.100000e+000
4.679379217874290e-005	1.100000e+000
4.688586807160004e-005	1.100000e+000
4.694446182160004e-005	1.100000e+000
4.694449182160004e-005	1.100000e+000
4.694453182160004e-005	1.100000e+000
4.694953156137126e-005	1.100000e+000
4.695453130114248e-005	1.100000e+000
4.695953104091369e-005	1.100000e+000
4.696453078068491e-005	1.100000e+000
4.696953052045613e-005	1.100000e+000
4.697453026022735e-005	1.100000e+000
4.697952999999857e-005	1.100000e+000
4.697955999999857e-005	1.100000e+000
4.698976999999928e-005	1.100000e+000
4.698978999999928e-005	1.100000e+000
4.700000000000000e-005	1.100000e+000
4.700001000000000e-005	1.100000e+000
4.700001100000000e-005	9.900000e-001
4.700001300000000e-005	7.700000e-001
4.700001600000000e-005	4.400000e-001
4.700002000000000e-005	1.559830e-010
4.700002040000000e-005	0.000000e+000
4.700002120000000e-005	0.000000e+000
4.700002280000000e-005	0.000000e+000
4.700002600000000e-005	0.000000e+000
4.700003239999999e-005	0.000000e+000
4.700004519999998e-005	0.000000e+000
4.700007079999997e-005	0.000000e+000
4.700012199999994e-005	0.000000e+000
4.700022439999987e-005	0.000000e+000
4.700042919999975e-005	0.000000e+000
4.700083879999950e-005	0.000000e+000
4.794140625000000e-005	0.000000e+000
4.796756689987249e-005	0.000000e+000
4.796759689987249e-005	0.000000e+000
4.796771689987250e-005	0.000000e+000
4.798804689987392e-005	0.000000e+000
4.799999374899180e-005	0.000000e+000
4.800000000000000e-005	0.000000e+000
4.800000062510082e-005	6.876109e-002
4.800000187530247e-005	2.062833e-001
4.800000437570575e-005	4.813276e-001
4.800000937651230e-005	1.031416e+000
4.800001000000000e-005	1.100000e+000
4.800001100016131e-005	1.100000e+000
4.800001300048394e-005	1.100000e+000
4.800001700112918e-005	1.100000e+000
4.800002500241969e-005	1.100000e+000
4.800004100500068e-005	1.100000e+000
4.800007301016268e-005	1.100000e+000
4.800013702048666e-005	1.100000e+000
4.800026504113463e-005	1.100000e+000
4.800205733020623e-005	1.100000e+000
4.800820232130886e-005	1.100000e+000
4.801639564277903e-005	1.100000e+000
4.803278228571938e-005	1.100000e+000
4.806555557160007e-005	1.100000e+000
4.812414932160007e-005	1.100000e+000
4.824133682160007e-005	1.100000e+000
4.833341271445721e-005	1.100000e+000
4.842548860731434e-005	1.100000e+000
4.851756450017148e-005	1.100000e+000
4.860964039302862e-005	1.100000e+000
4.870171628588576e-005	1.100000e+000
4.879379217874290e-005	1.100000e+000
4.888586807160004e-005	1.100000e+000
4.894446182160004e-005	1.100000e+000
4.894449182160004e-005	1.100000e+000
4.894453182160004e-005	1.100000e+000
4.894953156137126e-005	1.100000e+000
4.895453130114248e-005	1.100000e+000
4.895953104091369e-005	1.100000e+000
4.896453078068492e-005	1.100000e+000
4.896953052045613e-005	1.100000e+000
4.897453026022735e-005	1.100000e+000
4.897952999999857e-005	1.100000e+000
4.897955999999857e-005	1.100000e+000
4.898976999999928e-005	1.100000e+000
4.898978999999928e-005	1.100000e+000
4.900000000000000e-005	1.100000e+000
4.900001000000000e-005	1.100000e+000
4.900001100000000e-005	9.900000e-001
4.900001300000000e-005	7.700000e-001
4.900001600000000e-005	4.400000e-001
4.900002000000000e-005	1.559830e-010
4.900002040000000e-005	0.000000e+000
4.900002120000000e-005	0.000000e+000
4.900002280000000e-005	0.000000e+000
4.900002600000000e-005	0.000000e+000
4.900003239999999e-005	0.000000e+000
4.900004519999999e-005	0.000000e+000
4.900007079999997e-005	0.000000e+000
4.900012199999994e-005	0.000000e+000
4.900022439999988e-005	0.000000e+000
4.900042919999975e-005	0.000000e+000
4.900083879999950e-005	0.000000e+000
4.994140625000001e-005	0.000000e+000
4.996756689987249e-005	0.000000e+000
4.996759689987247e-005	0.000000e+000
4.996771689987240e-005	0.000000e+000
4.998804689986004e-005	0.000000e+000
4.999999419627836e-005	0.000000e+000
5.000000000000000e-005	7.453890e-010
5.000000058037217e-005	6.384094e-002
5.000000174111649e-005	1.915228e-001
5.000000406260515e-005	4.468866e-001
5.000000535702268e-005	5.892725e-001
5.000000741116493e-005	8.152282e-001
5.000001000000000e-005	1.100000e+000
5.000001025888350e-005	1.100000e+000
5.000001077665052e-005	1.100000e+000
5.000001181218455e-005	1.100000e+000
5.000001388325260e-005	1.100000e+000
5.000001585786389e-005	1.100000e+000
5.000001980708648e-005	1.100000e+000
5.000002000000000e-005	1.100000e+000
5.000002038582706e-005	1.100000e+000
5.000002115748118e-005	1.100000e+000
5.000002270078941e-005	1.100000e+000
5.000002578740588e-005	1.100000e+000
5.000003196063881e-005	1.100000e+000
5.000004430710467e-005	1.100000e+000
5.000006900003640e-005	1.100000e+000
5.000009230715503e-005	1.100000e+000
5.000013892139230e-005	1.100000e+000
5.000023214986682e-005	1.100000e+000
5.000041860681589e-005	1.100000e+000
5.000079152071401e-005	1.100000e+000
5.000153734851026e-005	1.100000e+000
5.000302900410275e-005	1.100000e+000
5.000601231528773e-005	1.100000e+000
5.001197893765770e-005	1.100000e+000
5.002391218239762e-005	1.100000e+000
5.004777867187748e-005	1.100000e+000
5.009551165083721e-005	1.100000e+000
5.015410540083720e-005	1.100000e+000
5.021269915083720e-005	1.100000e+000
5.030477504369434e-005	1.100000e+000
5.039685093655148e-005	1.100000e+000
5.048892682940862e-005	1.100000e+000
5.058100272226575e-005	1.100000e+000
5.067307861512290e-005	1.100000e+000
5.076515450798003e-005	1.100000e+000
5.085723040083717e-005	1.100000e+000
5.094141625000000e-005	1.100000e+000
5.096364490502304e-005	1.100000e+000
5.097037179330260e-005	1.100000e+000
5.098382556986172e-005	1.100000e+000
5.098383556986172e-005	1.100000e+000
5.098385556986173e-005	1.100000e+000
5.098389556986173e-005	1.100000e+000
5.098397556986173e-005	1.100000e+000
5.098445556986177e-005	1.100000e+000
5.098893556986208e-005	1.100000e+000
5.099405556986244e-005	1.100000e+000
5.099408556986244e-005	1.100000e+000
5.099999999999999e-005	1.100000e+000
5.100000999999999e-005	1.100000e+000
5.100001100000000e-005	9.900000e-001
5.100001300000000e-005	7.700000e-001
5.100001600000000e-005	4.400000e-001
5.100001999999999e-005	1.559830e-010
5.100002039999999e-005	0.000000e+000
5.100002119999999e-005	0.000000e+000
5.100002279999999e-005	0.000000e+000
5.100002599999999e-005	0.000000e+000
5.100003239999999e-005	0.000000e+000
5.100004519999998e-005	0.000000e+000
5.100007079999996e-005	0.000000e+000
5.100012199999993e-005	0.000000e+000
5.100020045269780e-005	0.000000e+000
5.100029713956266e-005	0.000000e+000
5.100043234333952e-005	0.000000e+000
5.100070275089324e-005	0.000000e+000
5.100124356600067e-005	0.000000e+000
5.100232519621554e-005	0.000000e+000
5.100448845664528e-005	0.000000e+000
5.100881497750476e-005	0.000000e+000
5.101746801922371e-005	0.000000e+000
5.103477410266162e-005	0.000000e+000
5.106938626953744e-005	0.000000e+000
5.112798001953743e-005	0.000000e+000
5.124516751953743e-005	0.000000e+000
5.133724341239457e-005	0.000000e+000
5.142931930525171e-005	0.000000e+000
5.152139519810885e-005	0.000000e+000
5.161347109096598e-005	0.000000e+000
5.170554698382312e-005	0.000000e+000
5.179762287668026e-005	0.000000e+000
5.188969876953740e-005	0.000000e+000
5.194140625000000e-005	0.000000e+000
5.194141625000000e-005	0.000000e+000
5.194143625000000e-005	0.000000e+000
5.194147625000000e-005	0.000000e+000
5.194155625000001e-005	0.000000e+000
5.194171625000002e-005	0.000000e+000
5.194203625000004e-005	0.000000e+000
5.194267625000009e-005	0.000000e+000
5.194395625000018e-005	0.000000e+000
5.196187625000143e-005	0.000000e+000
5.197951999999856e-005	0.000000e+000
5.197952999999857e-005	0.000000e+000
5.197954999999857e-005	0.000000e+000
5.197958999999857e-005	0.000000e+000
5.197966999999858e-005	0.000000e+000
5.197982999999859e-005	0.000000e+000
5.198014999999861e-005	0.000000e+000
5.198462999999892e-005	0.000000e+000
5.198974999999928e-005	0.000000e+000
5.198975999999928e-005	0.000000e+000
5.198977999999928e-005	0.000000e+000
5.198981999999929e-005	0.000000e+000
5.198989999999929e-005	0.000000e+000
5.199101999999937e-005	0.000000e+000
5.199229999999946e-005	0.000000e+000
5.199485999999964e-005	0.000000e+000
5.199491999999964e-005	0.000000e+000
5.199499999999965e-005	0.000000e+000
5.199743999999982e-005	0.000000e+000
5.199776142857127e-005	0.000000e+000
5.199808285714272e-005	0.000000e+000
5.199840428571417e-005	0.000000e+000
5.199872571428562e-005	0.000000e+000
5.199904714285707e-005	0.000000e+000
5.199936857142853e-005	0.000000e+000
5.199968999999998e-005	0.000000e+000
5.199970999999998e-005	0.000000e+000
5.199999000000000e-005	0.000000e+000
5.200000000000000e-005	0.000000e+000
5.200000100000000e-005	1.100000e-001
5.200000300000000e-005	3.300000e-001
5.200000600000000e-005	6.600000e-001
5.200001000000000e-005	1.100000e+000
5.200001040000000e-005	1.100000e+000
5.200001120000000e-005	1.100000e+000
5.200001280000000e-005	1.100000e+000
5.200001599999999e-005	1.100000e+000
5.200002239999999e-005	1.100000e+000
5.200003519999998e-005	1.100000e+000
5.200006079999997e-005	1.100000e+000
5.200011199999994e-005	1.100000e+000
5.200018325636842e-005	1.100000e+000
5.200026151042707e-005	1.100000e+000
5.200034381716918e-005	1.100000e+000
5.200049374987935e-005	1.100000e+000
5.200064345709132e-005	1.100000e+000
5.200091149404580e-005	1.100000e+000
5.200127682864285e-005	1.100000e+000
5.200182342119246e-005	1.100000e+000
5.200269636744839e-005	1.100000e+000
5.200397201524191e-005	1.100000e+000
5.200600453660016e-005	1.100000e+000
5.200910253161408e-005	1.100000e+000
5.201390507635465e-005	1.100000e+000
5.202273998427696e-005	1.100000e+000
5.203985683177390e-005	1.100000e+000
5.207409052676778e-005	1.100000e+000
5.283580927676775e-005	1.100000e+000
5.289440302676775e-005	1.100000e+000
5.294141625000000e-005	1.100000e+000
5.294142625000000e-005	1.100000e+000
5.294144625000000e-005	1.100000e+000
5.294148625000000e-005	1.100000e+000
5.294155579447782e-005	1.100000e+000
5.294169488343344e-005	1.100000e+000
5.294197306134470e-005	1.100000e+000
5.294252941716720e-005	1.100000e+000
5.294364212881221e-005	1.100000e+000
5.294586755210224e-005	1.100000e+000
5.295031839868228e-005	1.100000e+000
5.295922009184237e-005	1.100000e+000
5.297702347816254e-005	1.100000e+000
5.297703347816254e-005	1.100000e+000
5.297705347816254e-005	1.100000e+000
5.297709347816255e-005	1.100000e+000
5.297717347816255e-005	1.100000e+000
5.297733347816256e-005	1.100000e+000
5.297765347816259e-005	1.100000e+000
5.297829347816263e-005	1.100000e+000
5.297957347816272e-005	1.100000e+000
5.298976999999928e-005	1.100000e+000
5.299480304367132e-005	1.100000e+000
5.299481304367132e-005	1.100000e+000
5.299483304367133e-005	1.100000e+000
5.299487304367133e-005	1.100000e+000
5.299495304367133e-005	1.100000e+000
5.299511304367134e-005	1.100000e+000
5.299543304367137e-005	1.100000e+000
5.299735304367150e-005	1.100000e+000
5.299764391265645e-005	1.100000e+000
5.299803173796971e-005	1.100000e+000
5.299880738859622e-005	1.100000e+000
5.299883738859623e-005	1.100000e+000
5.299887738859623e-005	1.100000e+000
5.299895738859623e-005	1.100000e+000
5.299911738859625e-005	1.100000e+000
5.299943738859627e-005	1.100000e+000
5.299946738859627e-005	1.100000e+000
5.299950738859627e-005	1.100000e+000
5.299974738859629e-005	1.100000e+000
5.299977738859629e-005	1.100000e+000
5.299990738859630e-005	1.100000e+000
5.299999999999999e-005	1.100000e+000
5.300001000000000e-005	1.100000e+000
5.300001100000000e-005	9.900000e-001
5.300001300000000e-005	7.700000e-001
5.300001600000000e-005	4.400000e-001
5.300002000000000e-005	1.559830e-010
5.300002040000000e-005	0.000000e+000
5.300002120000000e-005	0.000000e+000
5.300002279999999e-005	0.000000e+000
5.300002599999999e-005	0.000000e+000
5.300003239999999e-005	0.000000e+000
5.300004519999998e-005	0.000000e+000
5.300007079999997e-005	0.000000e+000
5.300011468602271e-005	0.000000e+000
5.300020245806819e-005	0.000000e+000
5.300037800215917e-005	0.000000e+000
5.300072909034112e-005	0.000000e+000
5.300143126670502e-005	0.000000e+000
5.300283561943282e-005	0.000000e+000
5.313246167216474e-005	0.000000e+000
5.326208772489666e-005	0.000000e+000
5.339171377762857e-005	0.000000e+000
5.352133983036049e-005	0.000000e+000
5.365096588309241e-005	0.000000e+000
5.378059193582433e-005	0.000000e+000
5.391021798855625e-005	0.000000e+000
5.394140625000000e-005	0.000000e+000
5.394143625000000e-005	0.000000e+000
5.394147625000001e-005	0.000000e+000
5.394171625000002e-005	0.000000e+000
5.394711821428553e-005	0.000000e+000
5.395252017857104e-005	0.000000e+000
5.395792214285654e-005	0.000000e+000
5.396332410714205e-005	0.000000e+000
5.396872607142755e-005	0.000000e+000
5.397412803571306e-005	0.000000e+000
5.397952999999857e-005	0.000000e+000
5.397954999999857e-005	0.000000e+000
5.399999000000000e-005	0.000000e+000
5.400000000000000e-005	0.000000e+000
5.400000100000000e-005	1.100000e-001
5.400000300000000e-005	3.300000e-001
5.400000600000000e-005	6.600000e-001
5.400001000000000e-005	1.100000e+000
5.400001040000000e-005	1.100000e+000
5.400001120000000e-005	1.100000e+000
5.400001280000000e-005	1.100000e+000
5.400001600000000e-005	1.100000e+000
5.400002239999999e-005	1.100000e+000
5.400003519999998e-005	1.100000e+000
5.400006079999997e-005	1.100000e+000
5.400011199999994e-005	1.100000e+000
5.400021439999987e-005	1.100000e+000
5.400041919999975e-005	1.100000e+000
5.400785051428095e-005	1.100000e+000
5.401528182856215e-005	1.100000e+000
5.402271314284335e-005	1.100000e+000
5.403014445712454e-005	1.100000e+000
5.403757577140574e-005	1.100000e+000
5.404500708568694e-005	1.100000e+000
5.405243839996814e-005	1.100000e+000
5.410486719993628e-005	1.100000e+000
5.422205469993628e-005	1.100000e+000
5.432250112850770e-005	1.100000e+000
5.442294755707912e-005	1.100000e+000
5.452339398565055e-005	1.100000e+000
5.462384041422197e-005	1.100000e+000
5.472428684279340e-005	1.100000e+000
5.482473327136482e-005	1.100000e+000
5.492517969993625e-005	1.100000e+000
5.494141625000000e-005	1.100000e+000
5.496753689987249e-005	1.100000e+000
5.496756689987250e-005	1.100000e+000
5.496768689987250e-005	1.100000e+000
5.498801689987393e-005	1.100000e+000
5.500000000000000e-005	1.100000e+000
5.500001000000000e-005	1.100000e+000
5.500001100000000e-005	9.900000e-001
5.500001300000000e-005	7.700000e-001
5.500001600000000e-005	4.400000e-001
5.500002000000000e-005	1.559830e-010
5.500002040000000e-005	0.000000e+000
5.500002120000000e-005	0.000000e+000
5.500002280000000e-005	0.000000e+000
5.500002599999999e-005	0.000000e+000
5.500003239999999e-005	0.000000e+000
5.500004519999998e-005	0.000000e+000
5.500007079999997e-005	0.000000e+000
5.500012199999994e-005	0.000000e+000
5.500022439999987e-005	0.000000e+000
5.500042919999975e-005	0.000000e+000
5.500083879999950e-005	0.000000e+000
5.513520557857100e-005	0.000000e+000
5.526957235714250e-005	0.000000e+000
5.540393913571400e-005	0.000000e+000
5.553830591428550e-005	0.000000e+000
5.567267269285700e-005	0.000000e+000
5.580703947142850e-005	0.000000e+000
5.594140625000000e-005	0.000000e+000
5.596756689987249e-005	0.000000e+000
5.596759689987249e-005	0.000000e+000
5.596763689987249e-005	0.000000e+000
5.598804689987392e-005	0.000000e+000
5.599999374899180e-005	0.000000e+000
5.600000000000000e-005	0.000000e+000
5.600000062510082e-005	6.876109e-002
5.600000187530246e-005	2.062833e-001
5.600000437570574e-005	4.813276e-001
5.600000937651230e-005	1.031416e+000
5.600001000000000e-005	1.100000e+000
5.600001100016131e-005	1.100000e+000
5.600001300048394e-005	1.100000e+000
5.600001700112918e-005	1.100000e+000
5.600002500241968e-005	1.100000e+000
5.600004100500068e-005	1.100000e+000
5.600007301016267e-005	1.100000e+000
5.600013702048666e-005	1.100000e+000
5.600026504113463e-005	1.100000e+000
5.600052108243057e-005	1.100000e+000
5.600205733020623e-005	1.100000e+000
5.601639564277903e-005	1.100000e+000
5.606555557160007e-005	1.100000e+000
5.618274307160007e-005	1.100000e+000
5.628318950017149e-005	1.100000e+000
5.638363592874291e-005	1.100000e+000
5.648408235731434e-005	1.100000e+000
5.658452878588576e-005	1.100000e+000
5.668497521445719e-005	1.100000e+000
5.678542164302861e-005	1.100000e+000
5.688586807160004e-005	1.100000e+000
5.694446182160003e-005	1.100000e+000
5.694449182160004e-005	1.100000e+000
5.694461182160005e-005	1.100000e+000
5.700000000000000e-005	1.100000e+000
5.700001000000000e-005	1.100000e+000
5.700001100000000e-005	9.900000e-001
5.700001300000000e-005	7.700000e-001
5.700001600000000e-005	4.400000e-001
5.700002000000000e-005	1.559830e-010
5.700002040000000e-005	0.000000e+000
5.700002120000000e-005	0.000000e+000
5.700002280000000e-005	0.000000e+000
5.700002599999999e-005	0.000000e+000
5.700003239999999e-005	0.000000e+000
5.700004519999998e-005	0.000000e+000
5.700007079999997e-005	0.000000e+000
5.700012199999994e-005	0.000000e+000
5.700022439999987e-005	0.000000e+000
5.700042919999975e-005	0.000000e+000
5.700083879999950e-005	0.000000e+000
5.713520557857100e-005	0.000000e+000
5.726957235714250e-005	0.000000e+000
5.740393913571400e-005	0.000000e+000
5.753830591428551e-005	0.000000e+000
5.767267269285700e-005	0.000000e+000
5.780703947142850e-005	0.000000e+000
5.794140625000000e-005	0.000000e+000
5.796756689987249e-005	0.000000e+000
5.796759689987249e-005	0.000000e+000
5.796763689987249e-005	0.000000e+000
5.798804689987392e-005	0.000000e+000
5.799999374899180e-005	0.000000e+000
5.800000000000000e-005	0.000000e+000
5.800000062510082e-005	6.876109e-002
5.800000187530247e-005	2.062833e-001
5.800000437570574e-005	4.813276e-001
5.800000937651230e-005	1.031416e+000
5.800001000000000e-005	1.100000e+000
5.800001100016131e-005	1.100000e+000
5.800001300048394e-005	1.100000e+000
5.800001700112918e-005	1.100000e+000
5.800002500241968e-005	1.100000e+000
5.800004100500068e-005	1.100000e+000
5.800007301016267e-005	1.100000e+000
5.800013702048666e-005	1.100000e+000
5.800026504113463e-005	1.100000e+000
5.800052108243057e-005	1.100000e+000
5.800205733020623e-005	1.100000e+000
5.801639564277903e-005	1.100000e+000
5.806555557160007e-005	1.100000e+000
5.818274307160007e-005	1.100000e+000
5.828318950017149e-005	1.100000e+000
5.838363592874291e-005	1.100000e+000
5.848408235731434e-005	1.100000e+000
5.858452878588577e-005	1.100000e+000
5.868497521445719e-005	1.100000e+000
5.878542164302861e-005	1.100000e+000
5.888586807160004e-005	1.100000e+000
5.894446182160004e-005	1.100000e+000
5.894449182160004e-005	1.100000e+000
5.894461182160005e-005	1.100000e+000
5.900000000000000e-005	1.100000e+000
5.900001000000000e-005	1.100000e+000
5.900001100000000e-005	9.900000e-001
5.900001300000000e-005	7.700000e-001
5.900001600000000e-005	4.400000e-001
5.900002000000000e-005	1.559830e-010
5.900002040000000e-005	0.000000e+000
5.900002120000000e-005	0.000000e+000
5.900002280000000e-005	0.000000e+000
5.900002600000000e-005	0.000000e+000
5.900003239999999e-005	0.000000e+000
5.900004519999998e-005	0.000000e+000
5.900007079999997e-005	0.000000e+000
5.900012199999994e-005	0.000000e+000
5.900022439999988e-005	0.000000e+000
5.900042919999975e-005	0.000000e+000
5.900083879999950e-005	0.000000e+000
5.913520557857100e-005	0.000000e+000
5.926957235714250e-005	0.000000e+000
5.940393913571400e-005	0.000000e+000
5.953830591428551e-005	0.000000e+000
5.967267269285701e-005	0.000000e+000
5.980703947142851e-005	0.000000e+000
5.994140625000000e-005	0.000000e+000
5.996756689987249e-005	0.000000e+000
5.996759689987247e-005	0.000000e+000
5.996763689987245e-005	0.000000e+000
5.998804689986004e-005	0.000000e+000
5.999999419627836e-005	0.000000e+000
6.000000000000000e-005	7.453890e-010
